av_polar 0.073662 av_polar_pos_p 0.404077 av_polar_neg_p -0.443605 av_polar_pos_e 0.333343 av_polar_neg_e -0.279115 
ndis 56348935.000000 ndis_pos_p 29033912.000000 ndis_neg_p 16667712.000000 ndis_pos_e 4567008.000000 ndis_neg_e 6080303.000000
m1 56348935.000000 m2 35054313.000000 m3 4150760.197688 m4 4500210.680298 
k_prime_pos_p 0.000000009012141278 k_prime_neg_p 0.000000014299640119 k_prime_pos_e 0.000000049893657005 k_prime_neg_e 0.000000044756859865 
File loaded, arrays filled
Events: all 95892 bin 1 551 bin 2 3528 bin 3 4511 bin 4 7520 bin 5 4819 bin6 2390
Ave kinematic: bin 1 -0.025557 bin 2 -0.045840 bin 3 -0.079587 bin 4 -0.144552 bin 5 -0.263289 bin6 -0.460378 overall -0.041619
 **********
 **    1 **SET ERR         0.5
 **********
 PARAMETER DEFINITIONS:
    NO.   NAME         VALUE      STEP SIZE      LIMITS
     1 c0_c_both    0.00000e+00  1.00000e-05     no limits
     2 c1_c_both    0.00000e+00  1.00000e-05     no limits
     3 s1_c_both    0.00000e+00  1.00000e-05     no limits
     4 c2_c_both    0.00000e+00  1.00000e-05     no limits
     5 c3_c_both    0.00000e+00  1.00000e-05     no limits
     6 c0_dvcs_both   0.00000e+00  1.00000e-05     no limits
     7 s1_dvcs_both   0.00000e+00  1.00000e-05     no limits
     8 c1_dvcs_both   0.00000e+00  1.00000e-05     no limits
     9 s2_dvcs_both   0.00000e+00  1.00000e-05     no limits
    10 c0_i_both    0.00000e+00  1.00000e-05     no limits
    11 s1_i_both    0.00000e+00  1.00000e-05     no limits
    12 c1_i_both    0.00000e+00  1.00000e-05     no limits
    13 s2_i_both    0.00000e+00  1.00000e-05     no limits
 **********
 **    2 **MIGRAD       1e+06       1e-05
 **********
 FIRST CALL TO USER FUNCTION AT NEW START POINT, WITH IFLAG=4.
 START MIGRAD MINIMIZATION.  STRATEGY  1.  CONVERGENCE WHEN EDM .LT. 1.00e-08
 FCN=96893.9 FROM MIGRAD    STATUS=INITIATE       52 CALLS          53 TOTAL
                     EDM= unknown      STRATEGY= 1      NO ERROR MATRIX       
  EXT PARAMETER               CURRENT GUESS       STEP         FIRST   
  NO.   NAME      VALUE            ERROR          SIZE      DERIVATIVE 
   1  c0_c_both    0.00000e+00   1.00000e-05   1.00000e-05   1.80511e+03
   2  c1_c_both    0.00000e+00   1.00000e-05   1.00000e-05  -2.09933e+03
   3  s1_c_both    0.00000e+00   1.00000e-05   1.00000e-05   2.66502e+03
   4  c2_c_both    0.00000e+00   1.00000e-05   1.00000e-05   1.90754e+02
   5  c3_c_both    0.00000e+00   1.00000e-05   1.00000e-05   9.86312e+01
   6  c0_dvcs_both   0.00000e+00   1.00000e-05   1.00000e-05  -4.63182e+02
   7  s1_dvcs_both   0.00000e+00   1.00000e-05   1.00000e-05   1.43528e+03
   8  c1_dvcs_both   0.00000e+00   1.00000e-05   1.00000e-05  -2.50928e+02
   9  s2_dvcs_both   0.00000e+00   1.00000e-05   1.00000e-05  -1.35586e+02
  10  c0_i_both    0.00000e+00   1.00000e-05   1.00000e-05  -4.32891e+02
  11  s1_i_both    0.00000e+00   1.00000e-05   1.00000e-05   1.86488e+03
  12  c1_i_both    0.00000e+00   1.00000e-05   1.00000e-05  -3.33259e+02
  13  s2_i_both    0.00000e+00   1.00000e-05   1.00000e-05  -8.76050e+01
                               ERR DEF= 0.5
 MIGRAD MINIMIZATION HAS CONVERGED.
 MIGRAD WILL VERIFY CONVERGENCE AND ERROR MATRIX.
 COVARIANCE MATRIX CALCULATED SUCCESSFULLY
 FCN=96559.8 FROM MIGRAD    STATUS=CONVERGED     571 CALLS         572 TOTAL
                     EDM=1.79371e-09    STRATEGY= 1      ERROR MATRIX ACCURATE 
  EXT PARAMETER                                   STEP         FIRST   
  NO.   NAME      VALUE            ERROR          SIZE      DERIVATIVE 
   1  c0_c_both   -2.10962e-02   3.25248e-03   6.83381e-04   1.11525e-02
   2  c1_c_both    4.08359e-02   4.56930e-03   9.61469e-04  -1.87107e-03
   3  s1_c_both   -3.95907e-02   4.62391e-03   9.71502e-04   1.09851e-03
   4  c2_c_both   -3.37482e-03   4.51815e-03   9.67317e-04   3.29079e-05
   5  c3_c_both   -2.10999e-03   4.52289e-03   9.68935e-04   3.55750e-04
   6  c0_dvcs_both   2.75674e-02   1.26474e-02   1.67151e-03   8.74505e-04
   7  s1_dvcs_both   1.70274e-02   1.79248e-02   2.37666e-03   1.20107e-03
   8  c1_dvcs_both  -1.54607e-02   1.78408e-02   2.35128e-03  -6.71190e-04
   9  s2_dvcs_both   2.12484e-02   1.78260e-02   2.36064e-03  -3.06370e-04
  10  c0_i_both    1.62611e-02   1.26034e-02   1.67151e-03   4.89379e-04
  11  s1_i_both   -2.29470e-01   1.78633e-02   2.37666e-03   1.56194e-03
  12  c1_i_both    3.55454e-02   1.77853e-02   2.35128e-03   3.07899e-05
  13  s2_i_both   -9.53370e-03   1.78093e-02   2.36064e-03   2.35017e-04
                               ERR DEF= 0.5
 EXTERNAL ERROR MATRIX.    NDIM=  25    NPAR= 13    ERR DEF=0.5
 ELEMENTS ABOVE DIAGONAL ARE NOT PRINTED.
  1.058e-05 
  6.189e-07  2.088e-05 
 -1.371e-07 -1.209e-08  2.138e-05 
 -2.541e-07  5.349e-07  3.100e-07  2.041e-05 
 -7.652e-08 -2.333e-07  2.069e-09  5.267e-07  2.046e-05 
 -3.397e-06  1.826e-07 -2.349e-06 -2.245e-07 -8.078e-08  1.600e-04 
 -2.374e-06 -1.800e-07 -6.650e-06  2.297e-06  2.626e-07  7.425e-06  3.213e-04 
  1.852e-07 -6.982e-06 -1.177e-07  2.621e-07 -2.017e-07 -6.411e-07  2.981e-06  3.183e-04 
 -1.813e-07 -2.468e-06  4.870e-07  1.560e-07  2.561e-06  2.947e-06  3.090e-07  8.717e-06  3.178e-04 
 -1.619e-06 -2.239e-07  2.412e-07  4.106e-07 -2.824e-09 -1.240e-04 -7.761e-06  2.827e-06 -2.953e-06  1.588e-04 
  2.538e-07  3.326e-07 -3.776e-06  1.158e-07 -4.806e-07 -7.743e-06 -2.483e-04 -3.067e-06  2.138e-06  5.871e-06  3.191e-04 
 -2.208e-07 -2.779e-06  2.663e-07 -4.525e-08  5.316e-07  2.796e-06 -3.020e-06 -2.476e-04 -9.659e-06 -4.130e-07  2.819e-06 
 -2.208e-07 -2.779e-06  2.663e-07 -4.525e-08  5.316e-07  2.796e-06 -3.020e-06 -2.476e-04 -9.659e-06 -4.130e-07  2.819e-06  3.163e-04 
  3.381e-07  4.319e-07 -1.489e-07 -1.497e-07 -2.082e-07 -3.079e-06  2.269e-06 -1.019e-05 -2.493e-04  2.940e-06  4.173e-07 
  3.381e-07  4.319e-07 -1.489e-07 -1.497e-07 -2.082e-07 -3.079e-06  2.269e-06 -1.019e-05 -2.493e-04  2.940e-06  4.173e-07  7.861e-06  3.172e-04 
 PARAMETER  CORRELATION COEFFICIENTS  
       NO.  GLOBAL      1      2      3      4      5      6      7      8      9     10     11     12     13
        1  0.20298   1.000  0.042 -0.009 -0.017 -0.005 -0.083 -0.041  0.003 -0.003 -0.039  0.004 -0.004  0.006
        2  0.19591   0.042  1.000 -0.001  0.026 -0.011  0.003 -0.002 -0.086 -0.030 -0.004  0.004 -0.034  0.005
        3  0.20313  -0.009 -0.001  1.000  0.015  0.000 -0.040 -0.080 -0.001  0.006  0.004 -0.046  0.003 -0.002
        4  0.06697  -0.017  0.026  0.015  1.000  0.026 -0.004  0.028  0.003  0.002  0.007  0.001 -0.001 -0.002
        5  0.05696  -0.005 -0.011  0.000  0.026  1.000 -0.001  0.003 -0.002  0.032 -0.000 -0.006  0.007 -0.003
        6  0.78781  -0.083  0.003 -0.040 -0.004 -0.001  1.000  0.033 -0.003  0.013 -0.778 -0.034  0.012 -0.014
        7  0.78625  -0.041 -0.002 -0.080  0.028  0.003  0.033  1.000  0.009  0.001 -0.034 -0.775 -0.009  0.007
        8  0.78915   0.003 -0.086 -0.001  0.003 -0.002 -0.003  0.009  1.000  0.027  0.013 -0.010 -0.780 -0.032
        9  0.78684  -0.003 -0.030  0.006  0.002  0.032  0.013  0.001  0.027  1.000 -0.013  0.007 -0.030 -0.785
       10  0.78612  -0.039 -0.004  0.004  0.007 -0.000 -0.778 -0.034  0.013 -0.013  1.000  0.026 -0.002  0.013
       11  0.78457   0.004  0.004 -0.046  0.001 -0.006 -0.034 -0.775 -0.010  0.007  0.026  1.000  0.009  0.001
       12  0.78766  -0.004 -0.034  0.003 -0.001  0.007  0.012 -0.009 -0.780 -0.030 -0.002  0.009  1.000  0.025
       13  0.78639   0.006  0.005 -0.002 -0.002 -0.003 -0.014  0.007 -0.032 -0.785  0.013  0.001  0.025  1.000
 **********
 **    3 **MINOS       1e+06       1e-05
 **********
 FCN=96559.8 FROM MINOS     STATUS=SUCCESSFUL   1300 CALLS        1872 TOTAL
                     EDM=1.79371e-09    STRATEGY= 1      ERROR MATRIX ACCURATE 
  EXT PARAMETER                  PARABOLIC         MINOS ERRORS        
  NO.   NAME      VALUE            ERROR      NEGATIVE      POSITIVE   
   1  c0_c_both   -2.10962e-02   3.25248e-03  -3.25073e-03   3.25531e-03
   2  c1_c_both    4.08359e-02   4.56930e-03  -4.56904e-03   4.56918e-03
   3  s1_c_both   -3.95907e-02   4.62391e-03  -4.62409e-03   4.62422e-03
   4  c2_c_both   -3.37482e-03   4.51815e-03  -4.51829e-03   4.51816e-03
   5  c3_c_both   -2.10999e-03   4.52289e-03  -4.52291e-03   4.52287e-03
   6  c0_dvcs_both   2.75674e-02   1.26474e-02  -1.26461e-02   1.26595e-02
   7  s1_dvcs_both   1.70274e-02   1.79248e-02  -1.79408e-02   1.79323e-02
   8  c1_dvcs_both  -1.54607e-02   1.78408e-02  -1.78368e-02   1.78402e-02
   9  s2_dvcs_both   2.12484e-02   1.78260e-02  -1.78247e-02   1.78230e-02
  10  c0_i_both    1.62611e-02   1.26034e-02  -1.26113e-02   1.26059e-02
  11  s1_i_both   -2.29470e-01   1.78633e-02  -1.78680e-02   1.78817e-02
  12  c1_i_both    3.55454e-02   1.77853e-02  -1.77845e-02   1.77815e-02
  13  s2_i_both   -9.53370e-03   1.78093e-02  -1.78063e-02   1.78079e-02
                               ERR DEF= 0.5
 EXTERNAL ERROR MATRIX.    NDIM=  25    NPAR= 13    ERR DEF=0.5
 ELEMENTS ABOVE DIAGONAL ARE NOT PRINTED.
  1.058e-05 
  6.189e-07  2.088e-05 
 -1.371e-07 -1.209e-08  2.138e-05 
 -2.541e-07  5.349e-07  3.100e-07  2.041e-05 
 -7.652e-08 -2.333e-07  2.069e-09  5.267e-07  2.046e-05 
 -3.397e-06  1.826e-07 -2.349e-06 -2.245e-07 -8.078e-08  1.600e-04 
 -2.374e-06 -1.800e-07 -6.650e-06  2.297e-06  2.626e-07  7.425e-06  3.213e-04 
  1.852e-07 -6.982e-06 -1.177e-07  2.621e-07 -2.017e-07 -6.411e-07  2.981e-06  3.183e-04 
 -1.813e-07 -2.468e-06  4.870e-07  1.560e-07  2.561e-06  2.947e-06  3.090e-07  8.717e-06  3.178e-04 
 -1.619e-06 -2.239e-07  2.412e-07  4.106e-07 -2.824e-09 -1.240e-04 -7.761e-06  2.827e-06 -2.953e-06  1.588e-04 
  2.538e-07  3.326e-07 -3.776e-06  1.158e-07 -4.806e-07 -7.743e-06 -2.483e-04 -3.067e-06  2.138e-06  5.871e-06  3.191e-04 
 -2.208e-07 -2.779e-06  2.663e-07 -4.525e-08  5.316e-07  2.796e-06 -3.020e-06 -2.476e-04 -9.659e-06 -4.130e-07  2.819e-06 
 -2.208e-07 -2.779e-06  2.663e-07 -4.525e-08  5.316e-07  2.796e-06 -3.020e-06 -2.476e-04 -9.659e-06 -4.130e-07  2.819e-06  3.163e-04 
  3.381e-07  4.319e-07 -1.489e-07 -1.497e-07 -2.082e-07 -3.079e-06  2.269e-06 -1.019e-05 -2.493e-04  2.940e-06  4.173e-07 
  3.381e-07  4.319e-07 -1.489e-07 -1.497e-07 -2.082e-07 -3.079e-06  2.269e-06 -1.019e-05 -2.493e-04  2.940e-06  4.173e-07  7.861e-06  3.172e-04 
 PARAMETER  CORRELATION COEFFICIENTS  
       NO.  GLOBAL      1      2      3      4      5      6      7      8      9     10     11     12     13
        1  0.20298   1.000  0.042 -0.009 -0.017 -0.005 -0.083 -0.041  0.003 -0.003 -0.039  0.004 -0.004  0.006
        2  0.19591   0.042  1.000 -0.001  0.026 -0.011  0.003 -0.002 -0.086 -0.030 -0.004  0.004 -0.034  0.005
        3  0.20313  -0.009 -0.001  1.000  0.015  0.000 -0.040 -0.080 -0.001  0.006  0.004 -0.046  0.003 -0.002
        4  0.06697  -0.017  0.026  0.015  1.000  0.026 -0.004  0.028  0.003  0.002  0.007  0.001 -0.001 -0.002
        5  0.05696  -0.005 -0.011  0.000  0.026  1.000 -0.001  0.003 -0.002  0.032 -0.000 -0.006  0.007 -0.003
        6  0.78781  -0.083  0.003 -0.040 -0.004 -0.001  1.000  0.033 -0.003  0.013 -0.778 -0.034  0.012 -0.014
        7  0.78625  -0.041 -0.002 -0.080  0.028  0.003  0.033  1.000  0.009  0.001 -0.034 -0.775 -0.009  0.007
        8  0.78915   0.003 -0.086 -0.001  0.003 -0.002 -0.003  0.009  1.000  0.027  0.013 -0.010 -0.780 -0.032
        9  0.78684  -0.003 -0.030  0.006  0.002  0.032  0.013  0.001  0.027  1.000 -0.013  0.007 -0.030 -0.785
       10  0.78612  -0.039 -0.004  0.004  0.007 -0.000 -0.778 -0.034  0.013 -0.013  1.000  0.026 -0.002  0.013
       11  0.78457   0.004  0.004 -0.046  0.001 -0.006 -0.034 -0.775 -0.010  0.007  0.026  1.000  0.009  0.001
       12  0.78766  -0.004 -0.034  0.003 -0.001  0.007  0.012 -0.009 -0.780 -0.030 -0.002  0.009  1.000  0.025
       13  0.78639   0.006  0.005 -0.002 -0.002 -0.003 -0.014  0.007 -0.032 -0.785  0.013  0.001  0.025  1.000
 **********
 **    1 **SET ERR         0.5
 **********
 PARAMETER DEFINITIONS:
    NO.   NAME         VALUE      STEP SIZE      LIMITS
     1 c0_c_b1      0.00000e+00  1.00000e-05     no limits
     2 c1_c_b1      0.00000e+00  1.00000e-05     no limits
     3 s1_c_b1      0.00000e+00  1.00000e-05     no limits
     4 c2_c_b1      0.00000e+00  1.00000e-05     no limits
     5 c3_c_b1      0.00000e+00  1.00000e-05     no limits
     6 c0_dvcs_b1   0.00000e+00  1.00000e-05     no limits
     7 s1_dvcs_b1   0.00000e+00  1.00000e-05     no limits
     8 c1_dvcs_b1   0.00000e+00  1.00000e-05     no limits
     9 s2_dvcs_b1   0.00000e+00  1.00000e-05     no limits
    10 c0_i_b1      0.00000e+00  1.00000e-05     no limits
    11 s1_i_b1      0.00000e+00  1.00000e-05     no limits
    12 c1_i_b1      0.00000e+00  1.00000e-05     no limits
    13 s2_i_b1      0.00000e+00  1.00000e-05     no limits
 **********
 **    2 **MIGRAD       1e+06       1e-05
 **********
 FIRST CALL TO USER FUNCTION AT NEW START POINT, WITH IFLAG=4.
 START MIGRAD MINIMIZATION.  STRATEGY  1.  CONVERGENCE WHEN EDM .LT. 1.00e-08
 FCN=552.781 FROM MIGRAD    STATUS=INITIATE       52 CALLS          53 TOTAL
                     EDM= unknown      STRATEGY= 1      NO ERROR MATRIX       
  EXT PARAMETER               CURRENT GUESS       STEP         FIRST   
  NO.   NAME      VALUE            ERROR          SIZE      DERIVATIVE 
   1  c0_c_b1      0.00000e+00   1.00000e-05   1.00000e-05   6.88179e+00
   2  c1_c_b1      0.00000e+00   1.00000e-05   1.00000e-05   8.15675e+00
   3  s1_c_b1      0.00000e+00   1.00000e-05   1.00000e-05   1.89190e+01
   4  c2_c_b1      0.00000e+00   1.00000e-05   1.00000e-05   2.81619e+00
   5  c3_c_b1      0.00000e+00   1.00000e-05   1.00000e-05  -6.88349e+00
   6  c0_dvcs_b1   0.00000e+00   1.00000e-05   1.00000e-05  -9.02294e+00
   7  s1_dvcs_b1   0.00000e+00   1.00000e-05   1.00000e-05   7.86855e+00
   8  c1_dvcs_b1   0.00000e+00   1.00000e-05   1.00000e-05   4.59387e+00
   9  s2_dvcs_b1   0.00000e+00   1.00000e-05   1.00000e-05  -5.19614e-01
  10  c0_i_b1      0.00000e+00   1.00000e-05   1.00000e-05  -1.68128e+01
  11  s1_i_b1      0.00000e+00   1.00000e-05   1.00000e-05   1.01746e+01
  12  c1_i_b1      0.00000e+00   1.00000e-05   1.00000e-05  -2.53216e+00
  13  s2_i_b1      0.00000e+00   1.00000e-05   1.00000e-05  -4.25058e+00
                               ERR DEF= 0.5
 MIGRAD MINIMIZATION HAS CONVERGED.
 MIGRAD WILL VERIFY CONVERGENCE AND ERROR MATRIX.
 COVARIANCE MATRIX CALCULATED SUCCESSFULLY
 FCN=547.472 FROM MIGRAD    STATUS=CONVERGED     627 CALLS         628 TOTAL
                     EDM=4.59045e-10    STRATEGY= 1      ERROR MATRIX ACCURATE 
  EXT PARAMETER                                   STEP         FIRST   
  NO.   NAME      VALUE            ERROR          SIZE      DERIVATIVE 
   1  c0_c_b1     -2.40245e-02   4.48072e-02   6.81697e-04   2.27475e-05
   2  c1_c_b1     -6.94807e-03   6.42501e-02   9.59093e-04   3.77300e-05
   3  s1_c_b1     -5.02229e-02   6.12496e-02   9.69116e-04   1.25233e-04
   4  c2_c_b1     -1.29480e-02   6.47931e-02   9.77234e-04   1.14445e-06
   5  c3_c_b1      2.63736e-02   6.20828e-02   9.64857e-04  -7.89180e-05
   6  c0_dvcs_b1  -5.81367e-02   1.72972e-01   1.66062e-03  -2.60937e-05
   7  s1_dvcs_b1   5.83824e-03   2.36788e-01   2.37029e-03  -1.26341e-05
   8  c1_dvcs_b1  -3.45929e-01   2.43543e-01   2.32724e-03   2.01759e-05
   9  s2_dvcs_b1  -1.43469e-01   2.39210e-01   2.31363e-03  -6.49127e-05
  10  c0_i_b1      2.56282e-01   1.74132e-01   1.66062e-03   3.45098e-05
  11  s1_i_b1     -2.37898e-01   2.38162e-01   2.37029e-03  -2.11710e-05
  12  c1_i_b1      2.35356e-01   2.44585e-01   2.32724e-03   7.22901e-05
  13  s2_i_b1      2.74686e-01   2.38983e-01   2.31363e-03  -3.16806e-05
                               ERR DEF= 0.5
 EXTERNAL ERROR MATRIX.    NDIM=  25    NPAR= 13    ERR DEF=0.5
 ELEMENTS ABOVE DIAGONAL ARE NOT PRINTED.
  2.008e-03 
 -8.504e-04  4.128e-03 
  3.470e-05  1.123e-04  3.752e-03 
  1.130e-04 -8.996e-04 -1.879e-05  4.198e-03 
  2.968e-05  2.375e-04 -2.174e-04 -9.879e-04  3.854e-03 
 -2.879e-04  8.076e-04 -5.571e-04 -1.062e-03  9.295e-04  2.992e-02 
 -5.601e-04  5.130e-04  3.129e-04  6.363e-04 -6.510e-04 -2.570e-04  5.607e-02 
  6.647e-04 -1.336e-03  6.462e-04  1.646e-03 -4.898e-04 -1.129e-02  4.283e-03  5.931e-02 
  5.920e-04 -5.490e-04 -3.212e-04 -3.515e-04  5.162e-04  4.695e-03 -7.619e-03 -3.082e-03  5.722e-02 
 -3.136e-04 -8.544e-04  1.844e-04  1.531e-03 -1.261e-03 -2.322e-02 -1.207e-04  8.067e-03 -4.096e-03  3.032e-02 
  1.493e-04 -5.524e-04 -1.884e-03  4.339e-04  2.582e-04 -3.555e-04 -4.274e-02 -3.366e-03  4.006e-03 -5.571e-05  5.672e-02 
 -6.209e-04  5.270e-04 -4.658e-04 -2.308e-03  1.205e-03  8.202e-03 -3.656e-03 -4.618e-02  2.880e-03 -1.148e-02  4.253e-03 
 -6.209e-04  5.270e-04 -4.658e-04 -2.308e-03  1.205e-03  8.202e-03 -3.656e-03 -4.618e-02  2.880e-03 -1.148e-02  4.253e-03  5.982e-02 
 -4.313e-04  7.244e-04  3.715e-04 -2.875e-05 -1.402e-04 -3.759e-03  3.994e-03  2.534e-03 -4.470e-02  4.627e-03 -7.551e-03 
 -4.313e-04  7.244e-04  3.715e-04 -2.875e-05 -1.402e-04 -3.759e-03  3.994e-03  2.534e-03 -4.470e-02  4.627e-03 -7.551e-03 -3.105e-03  5.711e-02 
 PARAMETER  CORRELATION COEFFICIENTS  
       NO.  GLOBAL      1      2      3      4      5      6      7      8      9     10     11     12     13
        1  0.33787   1.000 -0.295  0.013  0.039  0.011 -0.037 -0.053  0.061  0.055 -0.040  0.014 -0.057 -0.040
        2  0.38368  -0.295  1.000  0.029 -0.216  0.060  0.073  0.034 -0.085 -0.036 -0.076 -0.036  0.034  0.047
        3  0.20466   0.013  0.029  1.000 -0.005 -0.057 -0.053  0.022  0.043 -0.022  0.017 -0.129 -0.031  0.025
        4  0.35975   0.039 -0.216 -0.005  1.000 -0.246 -0.095  0.041  0.104 -0.023  0.136  0.028 -0.146 -0.002
        5  0.27498   0.011  0.060 -0.057 -0.246  1.000  0.087 -0.044 -0.032  0.035 -0.117  0.017  0.079 -0.009
        6  0.80452  -0.037  0.073 -0.053 -0.095  0.087  1.000 -0.006 -0.268  0.113 -0.771 -0.009  0.194 -0.091
        7  0.78518  -0.053  0.034  0.022  0.041 -0.044 -0.006  1.000  0.074 -0.135 -0.003 -0.758 -0.063  0.071
        8  0.80656   0.061 -0.085  0.043  0.104 -0.032 -0.268  0.074  1.000 -0.053  0.190 -0.058 -0.775  0.044
        9  0.80124   0.055 -0.036 -0.022 -0.023  0.035  0.113 -0.135 -0.053  1.000 -0.098  0.070  0.049 -0.782
       10  0.80743  -0.040 -0.076  0.017  0.136 -0.117 -0.771 -0.003  0.190 -0.098  1.000 -0.001 -0.270  0.111
       11  0.78799   0.014 -0.036 -0.129  0.028  0.017 -0.009 -0.758 -0.058  0.070 -0.001  1.000  0.073 -0.133
       12  0.80840  -0.057  0.034 -0.031 -0.146  0.079  0.194 -0.063 -0.775  0.049 -0.270  0.073  1.000 -0.053
       13  0.80082  -0.040  0.047  0.025 -0.002 -0.009 -0.091  0.071  0.044 -0.782  0.111 -0.133 -0.053  1.000
 **********
 **    3 **MINOS       1e+06       1e-05
 **********
 FCN=547.472 FROM MINOS     STATUS=SUCCESSFUL   2680 CALLS        3308 TOTAL
                     EDM=4.59045e-10    STRATEGY= 1      ERROR MATRIX ACCURATE 
  EXT PARAMETER                  PARABOLIC         MINOS ERRORS        
  NO.   NAME      VALUE            ERROR      NEGATIVE      POSITIVE   
   1  c0_c_b1     -2.40245e-02   4.48072e-02  -4.42972e-02   4.53113e-02
   2  c1_c_b1     -6.94807e-03   6.42501e-02  -6.49243e-02   6.35797e-02
   3  s1_c_b1     -5.02229e-02   6.12496e-02  -6.11461e-02   6.13414e-02
   4  c2_c_b1     -1.29480e-02   6.47931e-02  -6.45942e-02   6.49540e-02
   5  c3_c_b1      2.63736e-02   6.20828e-02  -6.21054e-02   6.20176e-02
   6  c0_dvcs_b1  -5.81367e-02   1.72972e-01  -1.71063e-01   1.74246e-01
   7  s1_dvcs_b1   5.83824e-03   2.36788e-01  -2.37904e-01   2.34748e-01
   8  c1_dvcs_b1  -3.45929e-01   2.43543e-01  -2.40019e-01   2.45986e-01
   9  s2_dvcs_b1  -1.43469e-01   2.39210e-01  -2.36530e-01   2.40397e-01
  10  c0_i_b1      2.56282e-01   1.74132e-01  -1.74917e-01   1.72727e-01
  11  s1_i_b1     -2.37898e-01   2.38162e-01  -2.35364e-01   2.39965e-01
  12  c1_i_b1      2.35356e-01   2.44585e-01  -2.46893e-01   2.41212e-01
  13  s2_i_b1      2.74686e-01   2.38983e-01  -2.40320e-01   2.36155e-01
                               ERR DEF= 0.5
 EXTERNAL ERROR MATRIX.    NDIM=  25    NPAR= 13    ERR DEF=0.5
 ELEMENTS ABOVE DIAGONAL ARE NOT PRINTED.
  2.008e-03 
 -8.504e-04  4.128e-03 
  3.470e-05  1.123e-04  3.752e-03 
  1.130e-04 -8.996e-04 -1.879e-05  4.198e-03 
  2.968e-05  2.375e-04 -2.174e-04 -9.879e-04  3.854e-03 
 -2.879e-04  8.076e-04 -5.571e-04 -1.062e-03  9.295e-04  2.992e-02 
 -5.601e-04  5.130e-04  3.129e-04  6.363e-04 -6.510e-04 -2.570e-04  5.607e-02 
  6.647e-04 -1.336e-03  6.462e-04  1.646e-03 -4.898e-04 -1.129e-02  4.283e-03  5.931e-02 
  5.920e-04 -5.490e-04 -3.212e-04 -3.515e-04  5.162e-04  4.695e-03 -7.619e-03 -3.082e-03  5.722e-02 
 -3.136e-04 -8.544e-04  1.844e-04  1.531e-03 -1.261e-03 -2.322e-02 -1.207e-04  8.067e-03 -4.096e-03  3.032e-02 
  1.493e-04 -5.524e-04 -1.884e-03  4.339e-04  2.582e-04 -3.555e-04 -4.274e-02 -3.366e-03  4.006e-03 -5.571e-05  5.672e-02 
 -6.209e-04  5.270e-04 -4.658e-04 -2.308e-03  1.205e-03  8.202e-03 -3.656e-03 -4.618e-02  2.880e-03 -1.148e-02  4.253e-03 
 -6.209e-04  5.270e-04 -4.658e-04 -2.308e-03  1.205e-03  8.202e-03 -3.656e-03 -4.618e-02  2.880e-03 -1.148e-02  4.253e-03  5.982e-02 
 -4.313e-04  7.244e-04  3.715e-04 -2.875e-05 -1.402e-04 -3.759e-03  3.994e-03  2.534e-03 -4.470e-02  4.627e-03 -7.551e-03 
 -4.313e-04  7.244e-04  3.715e-04 -2.875e-05 -1.402e-04 -3.759e-03  3.994e-03  2.534e-03 -4.470e-02  4.627e-03 -7.551e-03 -3.105e-03  5.711e-02 
 PARAMETER  CORRELATION COEFFICIENTS  
       NO.  GLOBAL      1      2      3      4      5      6      7      8      9     10     11     12     13
        1  0.33787   1.000 -0.295  0.013  0.039  0.011 -0.037 -0.053  0.061  0.055 -0.040  0.014 -0.057 -0.040
        2  0.38368  -0.295  1.000  0.029 -0.216  0.060  0.073  0.034 -0.085 -0.036 -0.076 -0.036  0.034  0.047
        3  0.20466   0.013  0.029  1.000 -0.005 -0.057 -0.053  0.022  0.043 -0.022  0.017 -0.129 -0.031  0.025
        4  0.35975   0.039 -0.216 -0.005  1.000 -0.246 -0.095  0.041  0.104 -0.023  0.136  0.028 -0.146 -0.002
        5  0.27498   0.011  0.060 -0.057 -0.246  1.000  0.087 -0.044 -0.032  0.035 -0.117  0.017  0.079 -0.009
        6  0.80452  -0.037  0.073 -0.053 -0.095  0.087  1.000 -0.006 -0.268  0.113 -0.771 -0.009  0.194 -0.091
        7  0.78518  -0.053  0.034  0.022  0.041 -0.044 -0.006  1.000  0.074 -0.135 -0.003 -0.758 -0.063  0.071
        8  0.80656   0.061 -0.085  0.043  0.104 -0.032 -0.268  0.074  1.000 -0.053  0.190 -0.058 -0.775  0.044
        9  0.80124   0.055 -0.036 -0.022 -0.023  0.035  0.113 -0.135 -0.053  1.000 -0.098  0.070  0.049 -0.782
       10  0.80743  -0.040 -0.076  0.017  0.136 -0.117 -0.771 -0.003  0.190 -0.098  1.000 -0.001 -0.270  0.111
       11  0.78799   0.014 -0.036 -0.129  0.028  0.017 -0.009 -0.758 -0.058  0.070 -0.001  1.000  0.073 -0.133
       12  0.80840  -0.057  0.034 -0.031 -0.146  0.079  0.194 -0.063 -0.775  0.049 -0.270  0.073  1.000 -0.053
       13  0.80082  -0.040  0.047  0.025 -0.002 -0.009 -0.091  0.071  0.044 -0.782  0.111 -0.133 -0.053  1.000
 **********
 **    1 **SET ERR         0.5
 **********
 PARAMETER DEFINITIONS:
    NO.   NAME         VALUE      STEP SIZE      LIMITS
     1 c0_c_b2      0.00000e+00  1.00000e-05     no limits
     2 c1_c_b2      0.00000e+00  1.00000e-05     no limits
     3 s1_c_b2      0.00000e+00  1.00000e-05     no limits
     4 c2_c_b2      0.00000e+00  1.00000e-05     no limits
     5 c3_c_b2      0.00000e+00  1.00000e-05     no limits
     6 c0_dvcs_b2   0.00000e+00  1.00000e-05     no limits
     7 s1_dvcs_b2   0.00000e+00  1.00000e-05     no limits
     8 c1_dvcs_b2   0.00000e+00  1.00000e-05     no limits
     9 s2_dvcs_b2   0.00000e+00  1.00000e-05     no limits
    10 c0_i_b2      0.00000e+00  1.00000e-05     no limits
    11 s1_i_b2      0.00000e+00  1.00000e-05     no limits
    12 c1_i_b2      0.00000e+00  1.00000e-05     no limits
    13 s2_i_b2      0.00000e+00  1.00000e-05     no limits
 **********
 **    2 **MIGRAD       1e+06       1e-05
 **********
 FIRST CALL TO USER FUNCTION AT NEW START POINT, WITH IFLAG=4.
 START MIGRAD MINIMIZATION.  STRATEGY  1.  CONVERGENCE WHEN EDM .LT. 1.00e-08
 FCN=3466.13 FROM MIGRAD    STATUS=INITIATE       52 CALLS          53 TOTAL
                     EDM= unknown      STRATEGY= 1      NO ERROR MATRIX       
  EXT PARAMETER               CURRENT GUESS       STEP         FIRST   
  NO.   NAME      VALUE            ERROR          SIZE      DERIVATIVE 
   1  c0_c_b2      0.00000e+00   1.00000e-05   1.00000e-05  -9.37400e+01
   2  c1_c_b2      0.00000e+00   1.00000e-05   1.00000e-05   5.36811e+01
   3  s1_c_b2      0.00000e+00   1.00000e-05   1.00000e-05   7.31615e+01
   4  c2_c_b2      0.00000e+00   1.00000e-05   1.00000e-05   3.48649e+01
   5  c3_c_b2      0.00000e+00   1.00000e-05   1.00000e-05   4.36006e+01
   6  c0_dvcs_b2   0.00000e+00   1.00000e-05   1.00000e-05  -9.77122e+00
   7  s1_dvcs_b2   0.00000e+00   1.00000e-05   1.00000e-05   4.69787e+01
   8  c1_dvcs_b2   0.00000e+00   1.00000e-05   1.00000e-05   1.93708e+00
   9  s2_dvcs_b2   0.00000e+00   1.00000e-05   1.00000e-05   9.25352e+00
  10  c0_i_b2      0.00000e+00   1.00000e-05   1.00000e-05  -1.52094e+01
  11  s1_i_b2      0.00000e+00   1.00000e-05   1.00000e-05   6.49913e+01
  12  c1_i_b2      0.00000e+00   1.00000e-05   1.00000e-05   3.98250e+00
  13  s2_i_b2      0.00000e+00   1.00000e-05   1.00000e-05   1.00668e+01
                               ERR DEF= 0.5
 MIGRAD MINIMIZATION HAS CONVERGED.
 MIGRAD WILL VERIFY CONVERGENCE AND ERROR MATRIX.
 COVARIANCE MATRIX CALCULATED SUCCESSFULLY
 FCN=3455.02 FROM MIGRAD    STATUS=CONVERGED     625 CALLS         626 TOTAL
                     EDM=4.40776e-11    STRATEGY= 1      ERROR MATRIX ACCURATE 
  EXT PARAMETER                                   STEP         FIRST   
  NO.   NAME      VALUE            ERROR          SIZE      DERIVATIVE 
   1  c0_c_b2      3.43708e-02   1.82138e-02   6.93115e-04   2.77560e-04
   2  c1_c_b2     -4.39235e-02   2.66204e-02   9.90656e-04   1.34601e-04
   3  s1_c_b2     -2.50776e-02   2.44518e-02   9.70094e-04   6.15900e-05
   4  c2_c_b2     -5.21571e-03   2.53564e-02   9.79761e-04  -3.02852e-06
   5  c3_c_b2     -2.69532e-02   2.45828e-02   9.75157e-04   4.66915e-05
   6  c0_dvcs_b2  -2.04491e-02   6.71936e-02   1.69562e-03   3.08318e-05
   7  s1_dvcs_b2   3.69417e-02   9.17165e-02   2.38121e-03   6.23670e-05
   8  c1_dvcs_b2   2.78627e-02   9.67301e-02   2.41508e-03   9.45713e-06
   9  s2_dvcs_b2  -1.21375e-02   9.42084e-02   2.39781e-03   3.36441e-05
  10  c0_i_b2      2.67661e-02   6.69908e-02   1.69562e-03   3.09122e-05
  11  s1_i_b2     -2.34912e-01   9.14519e-02   2.38121e-03   5.66187e-05
  12  c1_i_b2     -2.15980e-02   9.65318e-02   2.41508e-03   1.66382e-05
  13  s2_i_b2      5.81289e-03   9.40421e-02   2.39781e-03   3.47820e-05
                               ERR DEF= 0.5
 EXTERNAL ERROR MATRIX.    NDIM=  25    NPAR= 13    ERR DEF=0.5
 ELEMENTS ABOVE DIAGONAL ARE NOT PRINTED.
  3.317e-04 
 -1.372e-04  7.086e-04 
  8.126e-06 -8.130e-06  5.979e-04 
  4.580e-05 -1.613e-04 -1.298e-05  6.429e-04 
 -2.886e-05  4.697e-05  7.191e-06 -1.209e-04  6.043e-04 
 -1.026e-04  3.617e-05 -7.982e-05 -1.403e-06  5.396e-06  4.515e-03 
 -8.248e-05  3.602e-05 -1.874e-04  2.923e-05  1.310e-05  5.118e-04  8.412e-03 
  3.465e-05 -2.094e-04  2.306e-05  2.039e-06 -3.034e-05 -1.411e-03 -4.362e-04  9.357e-03 
  2.532e-05 -1.233e-04 -5.612e-06  2.176e-05  1.047e-04 -3.647e-04 -1.153e-03  4.548e-04  8.875e-03 
 -6.466e-05  2.784e-05  1.387e-05  1.405e-05 -1.824e-05 -3.376e-03 -4.343e-04  9.511e-04  2.952e-04  4.488e-03 
  2.089e-05 -2.605e-05 -1.294e-04  4.248e-05 -2.559e-05 -4.351e-04 -6.280e-03  3.614e-04  8.140e-04  4.560e-04  8.363e-03 
  3.069e-05 -1.171e-04 -9.066e-07 -1.951e-05  5.686e-05  9.498e-04  3.517e-04 -7.077e-03 -4.103e-04 -1.409e-03 -4.159e-04 
  3.069e-05 -1.171e-04 -9.066e-07 -1.951e-05  5.686e-05  9.498e-04  3.517e-04 -7.077e-03 -4.103e-04 -1.409e-03 -4.159e-04  9.318e-03 
 -1.909e-05  8.036e-05  1.703e-05 -4.221e-05 -1.748e-05  3.073e-04  8.083e-04 -4.624e-04 -6.821e-03 -3.546e-04 -1.159e-03 
 -1.909e-05  8.036e-05  1.703e-05 -4.221e-05 -1.748e-05  3.073e-04  8.083e-04 -4.624e-04 -6.821e-03 -3.546e-04 -1.159e-03  4.087e-04  8.844e-03 
 PARAMETER  CORRELATION COEFFICIENTS  
       NO.  GLOBAL      1      2      3      4      5      6      7      8      9     10     11     12     13
        1  0.34804   1.000 -0.283  0.018  0.099 -0.064 -0.084 -0.049  0.020  0.015 -0.053  0.013  0.017 -0.011
        2  0.39938  -0.283  1.000 -0.012 -0.239  0.072  0.020  0.015 -0.081 -0.049  0.016 -0.011 -0.046  0.032
        3  0.21151   0.018 -0.012  1.000 -0.021  0.012 -0.049 -0.084  0.010 -0.002  0.008 -0.058 -0.000  0.007
        4  0.30641   0.099 -0.239 -0.021  1.000 -0.194 -0.001  0.013  0.001  0.009  0.008  0.018 -0.008 -0.018
        5  0.21213  -0.064  0.072  0.012 -0.194  1.000  0.003  0.006 -0.013  0.045 -0.011 -0.011  0.024 -0.008
        6  0.78328  -0.084  0.020 -0.049 -0.001  0.003  1.000  0.083 -0.217 -0.058 -0.750 -0.071  0.146  0.049
        7  0.76871  -0.049  0.015 -0.084  0.013  0.006  0.083  1.000 -0.049 -0.133 -0.071 -0.749  0.040  0.094
        8  0.78847   0.020 -0.081  0.010  0.001 -0.013 -0.217 -0.049  1.000  0.050  0.147  0.041 -0.758 -0.051
        9  0.77900   0.015 -0.049 -0.002  0.009  0.045 -0.058 -0.133  0.050  1.000  0.047  0.094 -0.045 -0.770
       10  0.78178  -0.053  0.016  0.008  0.008 -0.011 -0.750 -0.071  0.147  0.047  1.000  0.074 -0.218 -0.056
       11  0.76716   0.013 -0.011 -0.058  0.018 -0.011 -0.071 -0.749  0.041  0.094  0.074  1.000 -0.047 -0.135
       12  0.78748   0.017 -0.046 -0.000 -0.008  0.024  0.146  0.040 -0.758 -0.045 -0.218 -0.047  1.000  0.045
       13  0.77811  -0.011  0.032  0.007 -0.018 -0.008  0.049  0.094 -0.051 -0.770 -0.056 -0.135  0.045  1.000
 **********
 **    3 **MINOS       1e+06       1e-05
 **********
 FCN=3455.02 FROM MINOS     STATUS=SUCCESSFUL   1301 CALLS        1927 TOTAL
                     EDM=4.40776e-11    STRATEGY= 1      ERROR MATRIX ACCURATE 
  EXT PARAMETER                  PARABOLIC         MINOS ERRORS        
  NO.   NAME      VALUE            ERROR      NEGATIVE      POSITIVE   
   1  c0_c_b2      3.43708e-02   1.82138e-02  -1.81507e-02   1.82847e-02
   2  c1_c_b2     -4.39235e-02   2.66204e-02  -2.66885e-02   2.65612e-02
   3  s1_c_b2     -2.50776e-02   2.44518e-02  -2.44430e-02   2.44596e-02
   4  c2_c_b2     -5.21571e-03   2.53564e-02  -2.53451e-02   2.53693e-02
   5  c3_c_b2     -2.69532e-02   2.45828e-02  -2.45844e-02   2.45800e-02
   6  c0_dvcs_b2  -2.04491e-02   6.71936e-02  -6.69299e-02   6.74705e-02
   7  s1_dvcs_b2   3.69417e-02   9.17165e-02  -9.17939e-02   9.16576e-02
   8  c1_dvcs_b2   2.78627e-02   9.67301e-02  -9.68784e-02   9.65366e-02
   9  s2_dvcs_b2  -1.21375e-02   9.42084e-02  -9.41334e-02   9.42299e-02
  10  c0_i_b2      2.67661e-02   6.69908e-02  -6.71159e-02   6.68790e-02
  11  s1_i_b2     -2.34912e-01   9.14519e-02  -9.12975e-02   9.16231e-02
  12  c1_i_b2     -2.15980e-02   9.65318e-02  -9.64154e-02   9.66016e-02
  13  s2_i_b2      5.81289e-03   9.40421e-02  -9.40749e-02   9.39561e-02
                               ERR DEF= 0.5
 EXTERNAL ERROR MATRIX.    NDIM=  25    NPAR= 13    ERR DEF=0.5
 ELEMENTS ABOVE DIAGONAL ARE NOT PRINTED.
  3.317e-04 
 -1.372e-04  7.086e-04 
  8.126e-06 -8.130e-06  5.979e-04 
  4.580e-05 -1.613e-04 -1.298e-05  6.429e-04 
 -2.886e-05  4.697e-05  7.191e-06 -1.209e-04  6.043e-04 
 -1.026e-04  3.617e-05 -7.982e-05 -1.403e-06  5.396e-06  4.515e-03 
 -8.248e-05  3.602e-05 -1.874e-04  2.923e-05  1.310e-05  5.118e-04  8.412e-03 
  3.465e-05 -2.094e-04  2.306e-05  2.039e-06 -3.034e-05 -1.411e-03 -4.362e-04  9.357e-03 
  2.532e-05 -1.233e-04 -5.612e-06  2.176e-05  1.047e-04 -3.647e-04 -1.153e-03  4.548e-04  8.875e-03 
 -6.466e-05  2.784e-05  1.387e-05  1.405e-05 -1.824e-05 -3.376e-03 -4.343e-04  9.511e-04  2.952e-04  4.488e-03 
  2.089e-05 -2.605e-05 -1.294e-04  4.248e-05 -2.559e-05 -4.351e-04 -6.280e-03  3.614e-04  8.140e-04  4.560e-04  8.363e-03 
  3.069e-05 -1.171e-04 -9.066e-07 -1.951e-05  5.686e-05  9.498e-04  3.517e-04 -7.077e-03 -4.103e-04 -1.409e-03 -4.159e-04 
  3.069e-05 -1.171e-04 -9.066e-07 -1.951e-05  5.686e-05  9.498e-04  3.517e-04 -7.077e-03 -4.103e-04 -1.409e-03 -4.159e-04  9.318e-03 
 -1.909e-05  8.036e-05  1.703e-05 -4.221e-05 -1.748e-05  3.073e-04  8.083e-04 -4.624e-04 -6.821e-03 -3.546e-04 -1.159e-03 
 -1.909e-05  8.036e-05  1.703e-05 -4.221e-05 -1.748e-05  3.073e-04  8.083e-04 -4.624e-04 -6.821e-03 -3.546e-04 -1.159e-03  4.087e-04  8.844e-03 
 PARAMETER  CORRELATION COEFFICIENTS  
       NO.  GLOBAL      1      2      3      4      5      6      7      8      9     10     11     12     13
        1  0.34804   1.000 -0.283  0.018  0.099 -0.064 -0.084 -0.049  0.020  0.015 -0.053  0.013  0.017 -0.011
        2  0.39938  -0.283  1.000 -0.012 -0.239  0.072  0.020  0.015 -0.081 -0.049  0.016 -0.011 -0.046  0.032
        3  0.21151   0.018 -0.012  1.000 -0.021  0.012 -0.049 -0.084  0.010 -0.002  0.008 -0.058 -0.000  0.007
        4  0.30641   0.099 -0.239 -0.021  1.000 -0.194 -0.001  0.013  0.001  0.009  0.008  0.018 -0.008 -0.018
        5  0.21213  -0.064  0.072  0.012 -0.194  1.000  0.003  0.006 -0.013  0.045 -0.011 -0.011  0.024 -0.008
        6  0.78328  -0.084  0.020 -0.049 -0.001  0.003  1.000  0.083 -0.217 -0.058 -0.750 -0.071  0.146  0.049
        7  0.76871  -0.049  0.015 -0.084  0.013  0.006  0.083  1.000 -0.049 -0.133 -0.071 -0.749  0.040  0.094
        8  0.78847   0.020 -0.081  0.010  0.001 -0.013 -0.217 -0.049  1.000  0.050  0.147  0.041 -0.758 -0.051
        9  0.77900   0.015 -0.049 -0.002  0.009  0.045 -0.058 -0.133  0.050  1.000  0.047  0.094 -0.045 -0.770
       10  0.78178  -0.053  0.016  0.008  0.008 -0.011 -0.750 -0.071  0.147  0.047  1.000  0.074 -0.218 -0.056
       11  0.76716   0.013 -0.011 -0.058  0.018 -0.011 -0.071 -0.749  0.041  0.094  0.074  1.000 -0.047 -0.135
       12  0.78748   0.017 -0.046 -0.000 -0.008  0.024  0.146  0.040 -0.758 -0.045 -0.218 -0.047  1.000  0.045
       13  0.77811  -0.011  0.032  0.007 -0.018 -0.008  0.049  0.094 -0.051 -0.770 -0.056 -0.135  0.045  1.000
 **********
 **    1 **SET ERR         0.5
 **********
 PARAMETER DEFINITIONS:
    NO.   NAME         VALUE      STEP SIZE      LIMITS
     1 c0_c_b3      0.00000e+00  1.00000e-05     no limits
     2 c1_c_b3      0.00000e+00  1.00000e-05     no limits
     3 s1_c_b3      0.00000e+00  1.00000e-05     no limits
     4 c2_c_b3      0.00000e+00  1.00000e-05     no limits
     5 c3_c_b3      0.00000e+00  1.00000e-05     no limits
     6 c0_dvcs_b3   0.00000e+00  1.00000e-05     no limits
     7 s1_dvcs_b3   0.00000e+00  1.00000e-05     no limits
     8 c1_dvcs_b3   0.00000e+00  1.00000e-05     no limits
     9 s2_dvcs_b3   0.00000e+00  1.00000e-05     no limits
    10 c0_i_b3      0.00000e+00  1.00000e-05     no limits
    11 s1_i_b3      0.00000e+00  1.00000e-05     no limits
    12 c1_i_b3      0.00000e+00  1.00000e-05     no limits
    13 s2_i_b3      0.00000e+00  1.00000e-05     no limits
 **********
 **    2 **MIGRAD       1e+06       1e-05
 **********
 FIRST CALL TO USER FUNCTION AT NEW START POINT, WITH IFLAG=4.
 START MIGRAD MINIMIZATION.  STRATEGY  1.  CONVERGENCE WHEN EDM .LT. 1.00e-08
 FCN=4554.06 FROM MIGRAD    STATUS=INITIATE       52 CALLS          53 TOTAL
                     EDM= unknown      STRATEGY= 1      NO ERROR MATRIX       
  EXT PARAMETER               CURRENT GUESS       STEP         FIRST   
  NO.   NAME      VALUE            ERROR          SIZE      DERIVATIVE 
   1  c0_c_b3      0.00000e+00   1.00000e-05   1.00000e-05   7.80524e+01
   2  c1_c_b3      0.00000e+00   1.00000e-05   1.00000e-05  -9.48990e+01
   3  s1_c_b3      0.00000e+00   1.00000e-05   1.00000e-05   2.18738e+02
   4  c2_c_b3      0.00000e+00   1.00000e-05   1.00000e-05  -3.48943e+01
   5  c3_c_b3      0.00000e+00   1.00000e-05   1.00000e-05   9.20659e+01
   6  c0_dvcs_b3   0.00000e+00   1.00000e-05   1.00000e-05   2.18510e-02
   7  s1_dvcs_b3   0.00000e+00   1.00000e-05   1.00000e-05   5.49399e+01
   8  c1_dvcs_b3   0.00000e+00   1.00000e-05   1.00000e-05  -2.53442e+01
   9  s2_dvcs_b3   0.00000e+00   1.00000e-05   1.00000e-05   2.10607e+01
  10  c0_i_b3      0.00000e+00   1.00000e-05   1.00000e-05  -1.85965e+01
  11  s1_i_b3      0.00000e+00   1.00000e-05   1.00000e-05   5.57119e+01
  12  c1_i_b3      0.00000e+00   1.00000e-05   1.00000e-05  -2.41122e+01
  13  s2_i_b3      0.00000e+00   1.00000e-05   1.00000e-05   1.14429e+01
                               ERR DEF= 0.5
 MIGRAD MINIMIZATION HAS CONVERGED.
 MIGRAD WILL VERIFY CONVERGENCE AND ERROR MATRIX.
 COVARIANCE MATRIX CALCULATED SUCCESSFULLY
 FCN=4533.97 FROM MIGRAD    STATUS=CONVERGED     622 CALLS         623 TOTAL
                     EDM=4.49347e-10    STRATEGY= 1      ERROR MATRIX ACCURATE 
  EXT PARAMETER                                   STEP         FIRST   
  NO.   NAME      VALUE            ERROR          SIZE      DERIVATIVE 
   1  c0_c_b3     -2.55245e-02   1.55865e-02   6.82810e-04   2.09355e-04
   2  c1_c_b3      4.37645e-02   2.22199e-02   9.57081e-04  -3.61463e-05
   3  s1_c_b3     -8.79852e-02   2.15276e-02   9.74430e-04   5.85066e-04
   4  c2_c_b3      1.22493e-02   2.20258e-02   9.80490e-04  -6.53605e-05
   5  c3_c_b3     -4.31165e-02   2.12113e-02   9.65925e-04   4.13012e-04
   6  c0_dvcs_b3  -5.26092e-02   6.05778e-02   1.67302e-03  -7.92809e-05
   7  s1_dvcs_b3  -3.10556e-02   8.49729e-02   2.38440e-03   1.89359e-04
   8  c1_dvcs_b3   5.40615e-02   8.46758e-02   2.34803e-03  -1.52071e-04
   9  s2_dvcs_b3  -7.84694e-02   8.28533e-02   2.32009e-03   1.59272e-04
  10  c0_i_b3      7.16464e-02   6.05498e-02   1.67302e-03  -2.97431e-05
  11  s1_i_b3     -8.60464e-02   8.49544e-02   2.38440e-03   9.33276e-05
  12  c1_i_b3     -9.83469e-03   8.45976e-02   2.34803e-03  -6.28660e-05
  13  s2_i_b3      5.82561e-02   8.28043e-02   2.32009e-03   1.13939e-04
                               ERR DEF= 0.5
 EXTERNAL ERROR MATRIX.    NDIM=  25    NPAR= 13    ERR DEF=0.5
 ELEMENTS ABOVE DIAGONAL ARE NOT PRINTED.
  2.429e-04 
 -9.171e-05  4.937e-04 
 -2.174e-05  3.446e-06  4.634e-04 
  9.508e-06 -1.026e-04  2.266e-05  4.851e-04 
 -1.169e-05  2.581e-05 -1.458e-06 -8.781e-05  4.499e-04 
 -6.611e-05  2.465e-05 -1.401e-05  3.355e-06 -1.218e-05  3.670e-03 
 -1.842e-05  1.863e-05 -1.273e-04  1.023e-05 -4.667e-06  1.878e-06  7.220e-03 
  2.605e-05 -1.338e-04  1.487e-05 -1.427e-05 -2.635e-05 -1.616e-03  1.537e-04  7.170e-03 
  1.697e-05 -2.757e-05  2.000e-05  1.466e-05  5.613e-05  1.731e-04 -1.730e-03  2.809e-04  6.865e-03 
 -5.822e-05  2.808e-05 -8.514e-07  1.637e-05 -2.050e-05 -2.840e-03 -1.018e-04  1.302e-03 -1.540e-04  3.666e-03 
  2.640e-06 -2.217e-05 -1.220e-04  3.020e-05 -2.085e-06 -1.040e-04 -5.613e-03 -1.111e-04  1.475e-03 -7.334e-06  7.217e-03 
  3.079e-05 -9.527e-05 -1.628e-05 -1.226e-05  5.680e-05  1.301e-03 -1.119e-04 -5.545e-03 -3.922e-04 -1.621e-03  1.714e-04 
  3.079e-05 -9.527e-05 -1.628e-05 -1.226e-05  5.680e-05  1.301e-03 -1.119e-04 -5.545e-03 -3.922e-04 -1.621e-03  1.714e-04  7.157e-03 
 -1.502e-05  1.308e-05  1.866e-05 -2.102e-05 -1.489e-05 -1.432e-04  1.474e-03 -4.048e-04 -5.411e-03  1.838e-04 -1.729e-03 
 -1.502e-05  1.308e-05  1.866e-05 -2.102e-05 -1.489e-05 -1.432e-04  1.474e-03 -4.048e-04 -5.411e-03  1.838e-04 -1.729e-03  2.720e-04  6.857e-03 
 PARAMETER  CORRELATION COEFFICIENTS  
       NO.  GLOBAL      1      2      3      4      5      6      7      8      9     10     11     12     13
        1  0.33529   1.000 -0.265 -0.065  0.028 -0.035 -0.070 -0.014  0.020  0.013 -0.062  0.002  0.023 -0.012
        2  0.37675  -0.265  1.000  0.007 -0.210  0.055  0.018  0.010 -0.071 -0.015  0.021 -0.012 -0.051  0.007
        3  0.22894  -0.065  0.007  1.000  0.048 -0.003 -0.011 -0.070  0.008  0.011 -0.001 -0.067 -0.009  0.010
        4  0.28898   0.028 -0.210  0.048  1.000 -0.188  0.003  0.005 -0.008  0.008  0.012  0.016 -0.007 -0.012
