av_polar 0.073662 av_polar_pos_p 0.404077 av_polar_neg_p -0.443605 av_polar_pos_e 0.333343 av_polar_neg_e -0.279115 
ndis 56348935.000000 ndis_pos_p 29033912.000000 ndis_neg_p 16667712.000000 ndis_pos_e 4567008.000000 ndis_neg_e 6080303.000000
m1 56348935.000000 m2 35054313.000000 m3 4150760.197688 m4 4500210.680298 
k_prime_pos_p 0.000000009012141278 k_prime_neg_p 0.000000014299640119 k_prime_pos_e 0.000000049893657005 k_prime_neg_e 0.000000044756859865 
File loaded, arrays filled
Events: all 95892 bin 1 23508 bin 2 21716 bin 3 16050 bin 4 15517 bin 5 14174 bin6 4927
Ave kinematic: bin 1 0.049018 bin 2 0.069649 bin 3 0.089360 bin 4 0.113543 bin 5 0.157218 bin6 0.244437 overall 0.096918
 **********
 **    1 **SET ERR         0.5
 **********
 PARAMETER DEFINITIONS:
    NO.   NAME         VALUE      STEP SIZE      LIMITS
     1 c0_c_both    0.00000e+00  1.00000e-05     no limits
     2 c1_c_both    0.00000e+00  1.00000e-05     no limits
     3 s1_c_both    0.00000e+00  1.00000e-05     no limits
     4 c2_c_both    0.00000e+00  1.00000e-05     no limits
     5 c3_c_both    0.00000e+00  1.00000e-05     no limits
     6 c0_dvcs_both   0.00000e+00  1.00000e-05     no limits
     7 s1_dvcs_both   0.00000e+00  1.00000e-05     no limits
     8 c1_dvcs_both   0.00000e+00  1.00000e-05     no limits
     9 s2_dvcs_both   0.00000e+00  1.00000e-05     no limits
    10 c0_i_both    0.00000e+00  1.00000e-05     no limits
    11 s1_i_both    0.00000e+00  1.00000e-05     no limits
    12 c1_i_both    0.00000e+00  1.00000e-05     no limits
    13 s2_i_both    0.00000e+00  1.00000e-05     no limits
 **********
 **    2 **MIGRAD       1e+06       1e-05
 **********
 FIRST CALL TO USER FUNCTION AT NEW START POINT, WITH IFLAG=4.
 START MIGRAD MINIMIZATION.  STRATEGY  1.  CONVERGENCE WHEN EDM .LT. 1.00e-08
 FCN=96893.9 FROM MIGRAD    STATUS=INITIATE       52 CALLS          53 TOTAL
                     EDM= unknown      STRATEGY= 1      NO ERROR MATRIX       
  EXT PARAMETER               CURRENT GUESS       STEP         FIRST   
  NO.   NAME      VALUE            ERROR          SIZE      DERIVATIVE 
   1  c0_c_both    0.00000e+00   1.00000e-05   1.00000e-05   1.80511e+03
   2  c1_c_both    0.00000e+00   1.00000e-05   1.00000e-05  -2.09933e+03
   3  s1_c_both    0.00000e+00   1.00000e-05   1.00000e-05   2.66502e+03
   4  c2_c_both    0.00000e+00   1.00000e-05   1.00000e-05   1.90754e+02
   5  c3_c_both    0.00000e+00   1.00000e-05   1.00000e-05   9.86312e+01
   6  c0_dvcs_both   0.00000e+00   1.00000e-05   1.00000e-05  -4.63182e+02
   7  s1_dvcs_both   0.00000e+00   1.00000e-05   1.00000e-05   1.43528e+03
   8  c1_dvcs_both   0.00000e+00   1.00000e-05   1.00000e-05  -2.50928e+02
   9  s2_dvcs_both   0.00000e+00   1.00000e-05   1.00000e-05  -1.35586e+02
  10  c0_i_both    0.00000e+00   1.00000e-05   1.00000e-05  -4.32891e+02
  11  s1_i_both    0.00000e+00   1.00000e-05   1.00000e-05   1.86488e+03
  12  c1_i_both    0.00000e+00   1.00000e-05   1.00000e-05  -3.33259e+02
  13  s2_i_both    0.00000e+00   1.00000e-05   1.00000e-05  -8.76050e+01
                               ERR DEF= 0.5
 MIGRAD MINIMIZATION HAS CONVERGED.
 MIGRAD WILL VERIFY CONVERGENCE AND ERROR MATRIX.
 COVARIANCE MATRIX CALCULATED SUCCESSFULLY
 FCN=96559.8 FROM MIGRAD    STATUS=CONVERGED     571 CALLS         572 TOTAL
                     EDM=1.79371e-09    STRATEGY= 1      ERROR MATRIX ACCURATE 
  EXT PARAMETER                                   STEP         FIRST   
  NO.   NAME      VALUE            ERROR          SIZE      DERIVATIVE 
   1  c0_c_both   -2.10962e-02   3.25248e-03   6.83381e-04   1.11525e-02
   2  c1_c_both    4.08359e-02   4.56930e-03   9.61469e-04  -1.87107e-03
   3  s1_c_both   -3.95907e-02   4.62391e-03   9.71502e-04   1.09851e-03
   4  c2_c_both   -3.37482e-03   4.51815e-03   9.67317e-04   3.29079e-05
   5  c3_c_both   -2.10999e-03   4.52289e-03   9.68935e-04   3.55750e-04
   6  c0_dvcs_both   2.75674e-02   1.26474e-02   1.67151e-03   8.74505e-04
   7  s1_dvcs_both   1.70274e-02   1.79248e-02   2.37666e-03   1.20107e-03
   8  c1_dvcs_both  -1.54607e-02   1.78408e-02   2.35128e-03  -6.71190e-04
   9  s2_dvcs_both   2.12484e-02   1.78260e-02   2.36064e-03  -3.06370e-04
  10  c0_i_both    1.62611e-02   1.26034e-02   1.67151e-03   4.89379e-04
  11  s1_i_both   -2.29470e-01   1.78633e-02   2.37666e-03   1.56194e-03
  12  c1_i_both    3.55454e-02   1.77853e-02   2.35128e-03   3.07899e-05
  13  s2_i_both   -9.53370e-03   1.78093e-02   2.36064e-03   2.35017e-04
                               ERR DEF= 0.5
 EXTERNAL ERROR MATRIX.    NDIM=  25    NPAR= 13    ERR DEF=0.5
 ELEMENTS ABOVE DIAGONAL ARE NOT PRINTED.
  1.058e-05 
  6.189e-07  2.088e-05 
 -1.371e-07 -1.209e-08  2.138e-05 
 -2.541e-07  5.349e-07  3.100e-07  2.041e-05 
 -7.652e-08 -2.333e-07  2.069e-09  5.267e-07  2.046e-05 
 -3.397e-06  1.826e-07 -2.349e-06 -2.245e-07 -8.078e-08  1.600e-04 
 -2.374e-06 -1.800e-07 -6.650e-06  2.297e-06  2.626e-07  7.425e-06  3.213e-04 
  1.852e-07 -6.982e-06 -1.177e-07  2.621e-07 -2.017e-07 -6.411e-07  2.981e-06  3.183e-04 
 -1.813e-07 -2.468e-06  4.870e-07  1.560e-07  2.561e-06  2.947e-06  3.090e-07  8.717e-06  3.178e-04 
 -1.619e-06 -2.239e-07  2.412e-07  4.106e-07 -2.824e-09 -1.240e-04 -7.761e-06  2.827e-06 -2.953e-06  1.588e-04 
  2.538e-07  3.326e-07 -3.776e-06  1.158e-07 -4.806e-07 -7.743e-06 -2.483e-04 -3.067e-06  2.138e-06  5.871e-06  3.191e-04 
 -2.208e-07 -2.779e-06  2.663e-07 -4.525e-08  5.316e-07  2.796e-06 -3.020e-06 -2.476e-04 -9.659e-06 -4.130e-07  2.819e-06 
 -2.208e-07 -2.779e-06  2.663e-07 -4.525e-08  5.316e-07  2.796e-06 -3.020e-06 -2.476e-04 -9.659e-06 -4.130e-07  2.819e-06  3.163e-04 
  3.381e-07  4.319e-07 -1.489e-07 -1.497e-07 -2.082e-07 -3.079e-06  2.269e-06 -1.019e-05 -2.493e-04  2.940e-06  4.173e-07 
  3.381e-07  4.319e-07 -1.489e-07 -1.497e-07 -2.082e-07 -3.079e-06  2.269e-06 -1.019e-05 -2.493e-04  2.940e-06  4.173e-07  7.861e-06  3.172e-04 
 PARAMETER  CORRELATION COEFFICIENTS  
       NO.  GLOBAL      1      2      3      4      5      6      7      8      9     10     11     12     13
        1  0.20298   1.000  0.042 -0.009 -0.017 -0.005 -0.083 -0.041  0.003 -0.003 -0.039  0.004 -0.004  0.006
        2  0.19591   0.042  1.000 -0.001  0.026 -0.011  0.003 -0.002 -0.086 -0.030 -0.004  0.004 -0.034  0.005
        3  0.20313  -0.009 -0.001  1.000  0.015  0.000 -0.040 -0.080 -0.001  0.006  0.004 -0.046  0.003 -0.002
        4  0.06697  -0.017  0.026  0.015  1.000  0.026 -0.004  0.028  0.003  0.002  0.007  0.001 -0.001 -0.002
        5  0.05696  -0.005 -0.011  0.000  0.026  1.000 -0.001  0.003 -0.002  0.032 -0.000 -0.006  0.007 -0.003
        6  0.78781  -0.083  0.003 -0.040 -0.004 -0.001  1.000  0.033 -0.003  0.013 -0.778 -0.034  0.012 -0.014
        7  0.78625  -0.041 -0.002 -0.080  0.028  0.003  0.033  1.000  0.009  0.001 -0.034 -0.775 -0.009  0.007
        8  0.78915   0.003 -0.086 -0.001  0.003 -0.002 -0.003  0.009  1.000  0.027  0.013 -0.010 -0.780 -0.032
        9  0.78684  -0.003 -0.030  0.006  0.002  0.032  0.013  0.001  0.027  1.000 -0.013  0.007 -0.030 -0.785
       10  0.78612  -0.039 -0.004  0.004  0.007 -0.000 -0.778 -0.034  0.013 -0.013  1.000  0.026 -0.002  0.013
       11  0.78457   0.004  0.004 -0.046  0.001 -0.006 -0.034 -0.775 -0.010  0.007  0.026  1.000  0.009  0.001
       12  0.78766  -0.004 -0.034  0.003 -0.001  0.007  0.012 -0.009 -0.780 -0.030 -0.002  0.009  1.000  0.025
       13  0.78639   0.006  0.005 -0.002 -0.002 -0.003 -0.014  0.007 -0.032 -0.785  0.013  0.001  0.025  1.000
 **********
 **    3 **MINOS       1e+06       1e-05
 **********
 FCN=96559.8 FROM MINOS     STATUS=SUCCESSFUL   1300 CALLS        1872 TOTAL
                     EDM=1.79371e-09    STRATEGY= 1      ERROR MATRIX ACCURATE 
  EXT PARAMETER                  PARABOLIC         MINOS ERRORS        
  NO.   NAME      VALUE            ERROR      NEGATIVE      POSITIVE   
   1  c0_c_both   -2.10962e-02   3.25248e-03  -3.25073e-03   3.25531e-03
   2  c1_c_both    4.08359e-02   4.56930e-03  -4.56904e-03   4.56918e-03
   3  s1_c_both   -3.95907e-02   4.62391e-03  -4.62409e-03   4.62422e-03
   4  c2_c_both   -3.37482e-03   4.51815e-03  -4.51829e-03   4.51816e-03
   5  c3_c_both   -2.10999e-03   4.52289e-03  -4.52291e-03   4.52287e-03
   6  c0_dvcs_both   2.75674e-02   1.26474e-02  -1.26461e-02   1.26595e-02
   7  s1_dvcs_both   1.70274e-02   1.79248e-02  -1.79408e-02   1.79323e-02
   8  c1_dvcs_both  -1.54607e-02   1.78408e-02  -1.78368e-02   1.78402e-02
   9  s2_dvcs_both   2.12484e-02   1.78260e-02  -1.78247e-02   1.78230e-02
  10  c0_i_both    1.62611e-02   1.26034e-02  -1.26113e-02   1.26059e-02
  11  s1_i_both   -2.29470e-01   1.78633e-02  -1.78680e-02   1.78817e-02
  12  c1_i_both    3.55454e-02   1.77853e-02  -1.77845e-02   1.77815e-02
  13  s2_i_both   -9.53370e-03   1.78093e-02  -1.78063e-02   1.78079e-02
                               ERR DEF= 0.5
 EXTERNAL ERROR MATRIX.    NDIM=  25    NPAR= 13    ERR DEF=0.5
 ELEMENTS ABOVE DIAGONAL ARE NOT PRINTED.
  1.058e-05 
  6.189e-07  2.088e-05 
 -1.371e-07 -1.209e-08  2.138e-05 
 -2.541e-07  5.349e-07  3.100e-07  2.041e-05 
 -7.652e-08 -2.333e-07  2.069e-09  5.267e-07  2.046e-05 
 -3.397e-06  1.826e-07 -2.349e-06 -2.245e-07 -8.078e-08  1.600e-04 
 -2.374e-06 -1.800e-07 -6.650e-06  2.297e-06  2.626e-07  7.425e-06  3.213e-04 
  1.852e-07 -6.982e-06 -1.177e-07  2.621e-07 -2.017e-07 -6.411e-07  2.981e-06  3.183e-04 
 -1.813e-07 -2.468e-06  4.870e-07  1.560e-07  2.561e-06  2.947e-06  3.090e-07  8.717e-06  3.178e-04 
 -1.619e-06 -2.239e-07  2.412e-07  4.106e-07 -2.824e-09 -1.240e-04 -7.761e-06  2.827e-06 -2.953e-06  1.588e-04 
  2.538e-07  3.326e-07 -3.776e-06  1.158e-07 -4.806e-07 -7.743e-06 -2.483e-04 -3.067e-06  2.138e-06  5.871e-06  3.191e-04 
 -2.208e-07 -2.779e-06  2.663e-07 -4.525e-08  5.316e-07  2.796e-06 -3.020e-06 -2.476e-04 -9.659e-06 -4.130e-07  2.819e-06 
 -2.208e-07 -2.779e-06  2.663e-07 -4.525e-08  5.316e-07  2.796e-06 -3.020e-06 -2.476e-04 -9.659e-06 -4.130e-07  2.819e-06  3.163e-04 
  3.381e-07  4.319e-07 -1.489e-07 -1.497e-07 -2.082e-07 -3.079e-06  2.269e-06 -1.019e-05 -2.493e-04  2.940e-06  4.173e-07 
  3.381e-07  4.319e-07 -1.489e-07 -1.497e-07 -2.082e-07 -3.079e-06  2.269e-06 -1.019e-05 -2.493e-04  2.940e-06  4.173e-07  7.861e-06  3.172e-04 
 PARAMETER  CORRELATION COEFFICIENTS  
       NO.  GLOBAL      1      2      3      4      5      6      7      8      9     10     11     12     13
        1  0.20298   1.000  0.042 -0.009 -0.017 -0.005 -0.083 -0.041  0.003 -0.003 -0.039  0.004 -0.004  0.006
        2  0.19591   0.042  1.000 -0.001  0.026 -0.011  0.003 -0.002 -0.086 -0.030 -0.004  0.004 -0.034  0.005
        3  0.20313  -0.009 -0.001  1.000  0.015  0.000 -0.040 -0.080 -0.001  0.006  0.004 -0.046  0.003 -0.002
        4  0.06697  -0.017  0.026  0.015  1.000  0.026 -0.004  0.028  0.003  0.002  0.007  0.001 -0.001 -0.002
        5  0.05696  -0.005 -0.011  0.000  0.026  1.000 -0.001  0.003 -0.002  0.032 -0.000 -0.006  0.007 -0.003
        6  0.78781  -0.083  0.003 -0.040 -0.004 -0.001  1.000  0.033 -0.003  0.013 -0.778 -0.034  0.012 -0.014
        7  0.78625  -0.041 -0.002 -0.080  0.028  0.003  0.033  1.000  0.009  0.001 -0.034 -0.775 -0.009  0.007
        8  0.78915   0.003 -0.086 -0.001  0.003 -0.002 -0.003  0.009  1.000  0.027  0.013 -0.010 -0.780 -0.032
        9  0.78684  -0.003 -0.030  0.006  0.002  0.032  0.013  0.001  0.027  1.000 -0.013  0.007 -0.030 -0.785
       10  0.78612  -0.039 -0.004  0.004  0.007 -0.000 -0.778 -0.034  0.013 -0.013  1.000  0.026 -0.002  0.013
       11  0.78457   0.004  0.004 -0.046  0.001 -0.006 -0.034 -0.775 -0.010  0.007  0.026  1.000  0.009  0.001
       12  0.78766  -0.004 -0.034  0.003 -0.001  0.007  0.012 -0.009 -0.780 -0.030 -0.002  0.009  1.000  0.025
       13  0.78639   0.006  0.005 -0.002 -0.002 -0.003 -0.014  0.007 -0.032 -0.785  0.013  0.001  0.025  1.000
 **********
 **    1 **SET ERR         0.5
 **********
 PARAMETER DEFINITIONS:
    NO.   NAME         VALUE      STEP SIZE      LIMITS
     1 c0_c_b1      0.00000e+00  1.00000e-05     no limits
     2 c1_c_b1      0.00000e+00  1.00000e-05     no limits
     3 s1_c_b1      0.00000e+00  1.00000e-05     no limits
     4 c2_c_b1      0.00000e+00  1.00000e-05     no limits
     5 c3_c_b1      0.00000e+00  1.00000e-05     no limits
     6 c0_dvcs_b1   0.00000e+00  1.00000e-05     no limits
     7 s1_dvcs_b1   0.00000e+00  1.00000e-05     no limits
     8 c1_dvcs_b1   0.00000e+00  1.00000e-05     no limits
     9 s2_dvcs_b1   0.00000e+00  1.00000e-05     no limits
    10 c0_i_b1      0.00000e+00  1.00000e-05     no limits
    11 s1_i_b1      0.00000e+00  1.00000e-05     no limits
    12 c1_i_b1      0.00000e+00  1.00000e-05     no limits
    13 s2_i_b1      0.00000e+00  1.00000e-05     no limits
 **********
 **    2 **MIGRAD       1e+06       1e-05
 **********
 FIRST CALL TO USER FUNCTION AT NEW START POINT, WITH IFLAG=4.
 START MIGRAD MINIMIZATION.  STRATEGY  1.  CONVERGENCE WHEN EDM .LT. 1.00e-08
 FCN=24209.8 FROM MIGRAD    STATUS=INITIATE       52 CALLS          53 TOTAL
                     EDM= unknown      STRATEGY= 1      NO ERROR MATRIX       
  EXT PARAMETER               CURRENT GUESS       STEP         FIRST   
  NO.   NAME      VALUE            ERROR          SIZE      DERIVATIVE 
   1  c0_c_b1      0.00000e+00   1.00000e-05   1.00000e-05   1.16476e+03
   2  c1_c_b1      0.00000e+00   1.00000e-05   1.00000e-05  -6.04995e+02
   3  s1_c_b1      0.00000e+00   1.00000e-05   1.00000e-05   8.55346e+02
   4  c2_c_b1      0.00000e+00   1.00000e-05   1.00000e-05   2.91855e+02
   5  c3_c_b1      0.00000e+00   1.00000e-05   1.00000e-05  -1.17135e+02
   6  c0_dvcs_b1   0.00000e+00   1.00000e-05   1.00000e-05  -4.67054e+01
   7  s1_dvcs_b1   0.00000e+00   1.00000e-05   1.00000e-05   3.64451e+02
   8  c1_dvcs_b1   0.00000e+00   1.00000e-05   1.00000e-05  -4.08983e+01
   9  s2_dvcs_b1   0.00000e+00   1.00000e-05   1.00000e-05  -1.07875e+02
  10  c0_i_b1      0.00000e+00   1.00000e-05   1.00000e-05  -2.21478e+01
  11  s1_i_b1      0.00000e+00   1.00000e-05   1.00000e-05   4.76223e+02
  12  c1_i_b1      0.00000e+00   1.00000e-05   1.00000e-05  -4.61984e+01
  13  s2_i_b1      0.00000e+00   1.00000e-05   1.00000e-05  -1.14199e+02
                               ERR DEF= 0.5
 MIGRAD MINIMIZATION HAS CONVERGED.
 MIGRAD WILL VERIFY CONVERGENCE AND ERROR MATRIX.
 COVARIANCE MATRIX CALCULATED SUCCESSFULLY
 FCN=24096.7 FROM MIGRAD    STATUS=CONVERGED     654 CALLS         655 TOTAL
                     EDM=3.92265e-10    STRATEGY= 1      ERROR MATRIX ACCURATE 
  EXT PARAMETER                                   STEP         FIRST   
  NO.   NAME      VALUE            ERROR          SIZE      DERIVATIVE 
   1  c0_c_b1     -4.52876e-02   7.29229e-03   6.75927e-04   2.78590e-03
   2  c1_c_b1      1.63265e-02   1.08102e-02   9.49055e-04  -1.52109e-03
   3  s1_c_b1     -5.53656e-02   9.18923e-03   9.62907e-04   4.12004e-04
   4  c2_c_b1     -1.72120e-02   1.00684e-02   9.53409e-04   2.10010e-04
   5  c3_c_b1      3.76462e-03   9.46139e-03   9.56577e-04  -8.46194e-05
   6  c0_dvcs_b1   4.12600e-02   2.85621e-02   1.65094e-03   2.40493e-04
   7  s1_dvcs_b1   3.47331e-02   3.82316e-02   2.35459e-03   2.95646e-04
   8  c1_dvcs_b1   1.50498e-02   4.05810e-02   2.31546e-03  -1.30525e-04
   9  s2_dvcs_b1   2.84415e-02   3.85609e-02   2.33523e-03  -2.42443e-05
  10  c0_i_b1      6.34158e-03   2.84567e-02   1.65094e-03   2.05897e-04
  11  s1_i_b1     -2.49108e-01   3.80928e-02   2.35459e-03   3.09706e-04
  12  c1_i_b1      1.42711e-02   4.04486e-02   2.31546e-03  -1.11809e-04
  13  s2_i_b1     -4.39113e-02   3.85222e-02   2.33523e-03  -2.34070e-05
                               ERR DEF= 0.5
 EXTERNAL ERROR MATRIX.    NDIM=  25    NPAR= 13    ERR DEF=0.5
 ELEMENTS ABOVE DIAGONAL ARE NOT PRINTED.
  5.318e-05 
  3.694e-05  1.169e-04 
 -1.648e-06 -4.905e-07  8.444e-05 
  1.068e-05  3.841e-05  2.761e-06  1.014e-04 
  2.849e-06  9.758e-06  1.210e-06  3.128e-05  8.952e-05 
 -1.716e-05 -1.127e-05 -1.079e-05 -2.999e-06 -3.570e-06  8.158e-04 
 -1.118e-05 -4.301e-06 -2.588e-05  1.321e-05  7.155e-06  3.502e-05  1.462e-03 
 -1.069e-05 -3.641e-05 -5.168e-06 -4.137e-06 -3.549e-06  5.015e-04  2.025e-05  1.647e-03 
 -5.166e-06 -1.028e-05  3.713e-06  6.101e-06  1.133e-05  8.222e-06  4.665e-04  4.981e-05  1.487e-03 
 -6.405e-06 -1.756e-06  2.072e-06  4.046e-06  3.256e-06 -6.405e-04 -4.365e-05 -3.918e-04 -1.409e-05  8.098e-04 
  2.306e-06  1.586e-06 -1.455e-05 -2.998e-06 -3.557e-06 -4.403e-05 -1.143e-03 -2.908e-05 -3.700e-04  2.706e-05  1.451e-03 
 -2.524e-06 -9.418e-06  2.086e-06  6.023e-06  4.532e-06 -3.919e-04 -2.814e-05 -1.306e-03 -6.110e-05  4.980e-04  1.536e-05 
 -2.524e-06 -9.418e-06  2.086e-06  6.023e-06  4.532e-06 -3.919e-04 -2.814e-05 -1.306e-03 -6.110e-05  4.980e-04  1.536e-05  1.636e-03 
  1.716e-06  7.144e-07 -1.515e-06 -2.788e-06 -9.001e-07 -1.563e-05 -3.690e-04 -6.359e-05 -1.190e-03  6.923e-06  4.653e-04 
  1.716e-06  7.144e-07 -1.515e-06 -2.788e-06 -9.001e-07 -1.563e-05 -3.690e-04 -6.359e-05 -1.190e-03  6.923e-06  4.653e-04  4.599e-05  1.484e-03 
 PARAMETER  CORRELATION COEFFICIENTS  
       NO.  GLOBAL      1      2      3      4      5      6      7      8      9     10     11     12     13
        1  0.50228   1.000  0.469 -0.025  0.146  0.041 -0.082 -0.040 -0.036 -0.018 -0.031  0.008 -0.009  0.006
        2  0.57378   0.469  1.000 -0.005  0.353  0.095 -0.037 -0.010 -0.083 -0.025 -0.006  0.004 -0.022  0.002
        3  0.21073  -0.025 -0.005  1.000  0.030  0.014 -0.041 -0.074 -0.014  0.010  0.008 -0.042  0.006 -0.004
        4  0.46865   0.146  0.353  0.030  1.000  0.328 -0.010  0.034 -0.010  0.016  0.014 -0.008  0.015 -0.007
        5  0.33227   0.041  0.095  0.014  0.328  1.000 -0.013  0.020 -0.009  0.031  0.012 -0.010  0.012 -0.002
        6  0.84216  -0.082 -0.037 -0.041 -0.010 -0.013  1.000  0.032  0.433  0.007 -0.788 -0.040 -0.339 -0.014
        7  0.81847  -0.040 -0.010 -0.074  0.034  0.020  0.032  1.000  0.013  0.316 -0.040 -0.785 -0.018 -0.251
        8  0.84656  -0.036 -0.083 -0.014 -0.010 -0.009  0.433  0.013  1.000  0.032 -0.339 -0.019 -0.795 -0.041
        9  0.82512  -0.018 -0.025  0.010  0.016  0.031  0.007  0.316  0.032  1.000 -0.013 -0.252 -0.039 -0.801
       10  0.84088  -0.031 -0.006  0.008  0.014  0.012 -0.788 -0.040 -0.339 -0.013  1.000  0.025  0.433  0.006
       11  0.81700   0.008  0.004 -0.042 -0.008 -0.010 -0.040 -0.785 -0.019 -0.252  0.025  1.000  0.010  0.317
       12  0.84547  -0.009 -0.022  0.006  0.015  0.012 -0.339 -0.018 -0.795 -0.039  0.433  0.010  1.000  0.030
       13  0.82473   0.006  0.002 -0.004 -0.007 -0.002 -0.014 -0.251 -0.041 -0.801  0.006  0.317  0.030  1.000
 **********
 **    3 **MINOS       1e+06       1e-05
 **********
 FCN=24096.7 FROM MINOS     STATUS=SUCCESSFUL   1300 CALLS        1955 TOTAL
                     EDM=3.92265e-10    STRATEGY= 1      ERROR MATRIX ACCURATE 
  EXT PARAMETER                  PARABOLIC         MINOS ERRORS        
  NO.   NAME      VALUE            ERROR      NEGATIVE      POSITIVE   
   1  c0_c_b1     -4.52876e-02   7.29229e-03  -7.27605e-03   7.30760e-03
   2  c1_c_b1      1.63265e-02   1.08102e-02  -1.07801e-02   1.08324e-02
   3  s1_c_b1     -5.53656e-02   9.18923e-03  -9.18974e-03   9.19004e-03
   4  c2_c_b1     -1.72120e-02   1.00684e-02  -1.00592e-02   1.00754e-02
   5  c3_c_b1      3.76462e-03   9.46139e-03  -9.46077e-03   9.46255e-03
   6  c0_dvcs_b1   4.12600e-02   2.85621e-02  -2.85405e-02   2.86096e-02
   7  s1_dvcs_b1   3.47331e-02   3.82316e-02  -3.82852e-02   3.82324e-02
   8  c1_dvcs_b1   1.50498e-02   4.05810e-02  -4.05398e-02   4.05813e-02
   9  s2_dvcs_b1   2.84415e-02   3.85609e-02  -3.85606e-02   3.85427e-02
  10  c0_i_b1      6.34158e-03   2.84567e-02  -2.84828e-02   2.84558e-02
  11  s1_i_b1     -2.49108e-01   3.80928e-02  -3.80800e-02   3.81585e-02
  12  c1_i_b1      1.42711e-02   4.04486e-02  -4.04350e-02   4.04221e-02
  13  s2_i_b1     -4.39113e-02   3.85222e-02  -3.84993e-02   3.85260e-02
                               ERR DEF= 0.5
 EXTERNAL ERROR MATRIX.    NDIM=  25    NPAR= 13    ERR DEF=0.5
 ELEMENTS ABOVE DIAGONAL ARE NOT PRINTED.
  5.318e-05 
  3.694e-05  1.169e-04 
 -1.648e-06 -4.905e-07  8.444e-05 
  1.068e-05  3.841e-05  2.761e-06  1.014e-04 
  2.849e-06  9.758e-06  1.210e-06  3.128e-05  8.952e-05 
 -1.716e-05 -1.127e-05 -1.079e-05 -2.999e-06 -3.570e-06  8.158e-04 
 -1.118e-05 -4.301e-06 -2.588e-05  1.321e-05  7.155e-06  3.502e-05  1.462e-03 
 -1.069e-05 -3.641e-05 -5.168e-06 -4.137e-06 -3.549e-06  5.015e-04  2.025e-05  1.647e-03 
 -5.166e-06 -1.028e-05  3.713e-06  6.101e-06  1.133e-05  8.222e-06  4.665e-04  4.981e-05  1.487e-03 
 -6.405e-06 -1.756e-06  2.072e-06  4.046e-06  3.256e-06 -6.405e-04 -4.365e-05 -3.918e-04 -1.409e-05  8.098e-04 
  2.306e-06  1.586e-06 -1.455e-05 -2.998e-06 -3.557e-06 -4.403e-05 -1.143e-03 -2.908e-05 -3.700e-04  2.706e-05  1.451e-03 
 -2.524e-06 -9.418e-06  2.086e-06  6.023e-06  4.532e-06 -3.919e-04 -2.814e-05 -1.306e-03 -6.110e-05  4.980e-04  1.536e-05 
 -2.524e-06 -9.418e-06  2.086e-06  6.023e-06  4.532e-06 -3.919e-04 -2.814e-05 -1.306e-03 -6.110e-05  4.980e-04  1.536e-05  1.636e-03 
  1.716e-06  7.144e-07 -1.515e-06 -2.788e-06 -9.001e-07 -1.563e-05 -3.690e-04 -6.359e-05 -1.190e-03  6.923e-06  4.653e-04 
  1.716e-06  7.144e-07 -1.515e-06 -2.788e-06 -9.001e-07 -1.563e-05 -3.690e-04 -6.359e-05 -1.190e-03  6.923e-06  4.653e-04  4.599e-05  1.484e-03 
 PARAMETER  CORRELATION COEFFICIENTS  
       NO.  GLOBAL      1      2      3      4      5      6      7      8      9     10     11     12     13
        1  0.50228   1.000  0.469 -0.025  0.146  0.041 -0.082 -0.040 -0.036 -0.018 -0.031  0.008 -0.009  0.006
        2  0.57378   0.469  1.000 -0.005  0.353  0.095 -0.037 -0.010 -0.083 -0.025 -0.006  0.004 -0.022  0.002
        3  0.21073  -0.025 -0.005  1.000  0.030  0.014 -0.041 -0.074 -0.014  0.010  0.008 -0.042  0.006 -0.004
        4  0.46865   0.146  0.353  0.030  1.000  0.328 -0.010  0.034 -0.010  0.016  0.014 -0.008  0.015 -0.007
        5  0.33227   0.041  0.095  0.014  0.328  1.000 -0.013  0.020 -0.009  0.031  0.012 -0.010  0.012 -0.002
        6  0.84216  -0.082 -0.037 -0.041 -0.010 -0.013  1.000  0.032  0.433  0.007 -0.788 -0.040 -0.339 -0.014
        7  0.81847  -0.040 -0.010 -0.074  0.034  0.020  0.032  1.000  0.013  0.316 -0.040 -0.785 -0.018 -0.251
        8  0.84656  -0.036 -0.083 -0.014 -0.010 -0.009  0.433  0.013  1.000  0.032 -0.339 -0.019 -0.795 -0.041
        9  0.82512  -0.018 -0.025  0.010  0.016  0.031  0.007  0.316  0.032  1.000 -0.013 -0.252 -0.039 -0.801
       10  0.84088  -0.031 -0.006  0.008  0.014  0.012 -0.788 -0.040 -0.339 -0.013  1.000  0.025  0.433  0.006
       11  0.81700   0.008  0.004 -0.042 -0.008 -0.010 -0.040 -0.785 -0.019 -0.252  0.025  1.000  0.010  0.317
       12  0.84547  -0.009 -0.022  0.006  0.015  0.012 -0.339 -0.018 -0.795 -0.039  0.433  0.010  1.000  0.030
       13  0.82473   0.006  0.002 -0.004 -0.007 -0.002 -0.014 -0.251 -0.041 -0.801  0.006  0.317  0.030  1.000
 **********
 **    1 **SET ERR         0.5
 **********
 PARAMETER DEFINITIONS:
    NO.   NAME         VALUE      STEP SIZE      LIMITS
     1 c0_c_b2      0.00000e+00  1.00000e-05     no limits
     2 c1_c_b2      0.00000e+00  1.00000e-05     no limits
     3 s1_c_b2      0.00000e+00  1.00000e-05     no limits
     4 c2_c_b2      0.00000e+00  1.00000e-05     no limits
     5 c3_c_b2      0.00000e+00  1.00000e-05     no limits
     6 c0_dvcs_b2   0.00000e+00  1.00000e-05     no limits
     7 s1_dvcs_b2   0.00000e+00  1.00000e-05     no limits
     8 c1_dvcs_b2   0.00000e+00  1.00000e-05     no limits
     9 s2_dvcs_b2   0.00000e+00  1.00000e-05     no limits
    10 c0_i_b2      0.00000e+00  1.00000e-05     no limits
    11 s1_i_b2      0.00000e+00  1.00000e-05     no limits
    12 c1_i_b2      0.00000e+00  1.00000e-05     no limits
    13 s2_i_b2      0.00000e+00  1.00000e-05     no limits
 **********
 **    2 **MIGRAD       1e+06       1e-05
 **********
 FIRST CALL TO USER FUNCTION AT NEW START POINT, WITH IFLAG=4.
 START MIGRAD MINIMIZATION.  STRATEGY  1.  CONVERGENCE WHEN EDM .LT. 1.00e-08
 FCN=22148.6 FROM MIGRAD    STATUS=INITIATE       52 CALLS          53 TOTAL
                     EDM= unknown      STRATEGY= 1      NO ERROR MATRIX       
  EXT PARAMETER               CURRENT GUESS       STEP         FIRST   
  NO.   NAME      VALUE            ERROR          SIZE      DERIVATIVE 
   1  c0_c_b2      0.00000e+00   1.00000e-05   1.00000e-05   7.32487e+02
   2  c1_c_b2      0.00000e+00   1.00000e-05   1.00000e-05  -3.44710e+02
   3  s1_c_b2      0.00000e+00   1.00000e-05   1.00000e-05   6.32623e+02
   4  c2_c_b2      0.00000e+00   1.00000e-05   1.00000e-05   2.08734e+02
   5  c3_c_b2      0.00000e+00   1.00000e-05   1.00000e-05   1.38705e+02
   6  c0_dvcs_b2   0.00000e+00   1.00000e-05   1.00000e-05  -1.09791e+02
   7  s1_dvcs_b2   0.00000e+00   1.00000e-05   1.00000e-05   3.41075e+02
   8  c1_dvcs_b2   0.00000e+00   1.00000e-05   1.00000e-05  -2.21305e+01
   9  s2_dvcs_b2   0.00000e+00   1.00000e-05   1.00000e-05  -9.08949e+01
  10  c0_i_b2      0.00000e+00   1.00000e-05   1.00000e-05  -4.93345e+01
  11  s1_i_b2      0.00000e+00   1.00000e-05   1.00000e-05   4.37346e+02
  12  c1_i_b2      0.00000e+00   1.00000e-05   1.00000e-05  -3.54218e+01
  13  s2_i_b2      0.00000e+00   1.00000e-05   1.00000e-05  -9.44856e+01
                               ERR DEF= 0.5
 MIGRAD MINIMIZATION HAS CONVERGED.
 MIGRAD WILL VERIFY CONVERGENCE AND ERROR MATRIX.
 COVARIANCE MATRIX CALCULATED SUCCESSFULLY
 FCN=22061.1 FROM MIGRAD    STATUS=CONVERGED     571 CALLS         572 TOTAL
                     EDM=5.07863e-10    STRATEGY= 1      ERROR MATRIX ACCURATE 
  EXT PARAMETER                                   STEP         FIRST   
  NO.   NAME      VALUE            ERROR          SIZE      DERIVATIVE 
   1  c0_c_b2     -3.53133e-02   6.77944e-03   6.79691e-04   2.87009e-03
   2  c1_c_b2      2.75994e-02   9.53009e-03   9.57081e-04  -2.21225e-04
   3  s1_c_b2     -4.05631e-02   9.62019e-03   9.65429e-04   5.80876e-04
   4  c2_c_b2     -1.88834e-02   9.45925e-03   9.67122e-04   1.18915e-04
   5  c3_c_b2     -1.20016e-02   9.46593e-03   9.68488e-04   3.41217e-04
   6  c0_dvcs_b2   6.25919e-02   2.66350e-02   1.65897e-03   2.80557e-04
   7  s1_dvcs_b2   1.33650e-02   3.75639e-02   2.35555e-03   1.51258e-04
   8  c1_dvcs_b2  -1.40039e-02   3.77512e-02   2.33683e-03   4.04184e-05
   9  s2_dvcs_b2   2.39142e-02   3.71202e-02   2.33445e-03  -1.42554e-04
  10  c0_i_b2     -1.79848e-02   2.65185e-02   1.65897e-03   1.03396e-04
  11  s1_i_b2     -2.28206e-01   3.73995e-02   2.35555e-03   3.04176e-04
  12  c1_i_b2      1.75238e-02   3.75973e-02   2.33683e-03  -1.13257e-05
  13  s2_i_b2      2.28691e-02   3.70827e-02   2.33445e-03   5.88487e-05
                               ERR DEF= 0.5
 EXTERNAL ERROR MATRIX.    NDIM=  25    NPAR= 13    ERR DEF=0.5
 ELEMENTS ABOVE DIAGONAL ARE NOT PRINTED.
  4.596e-05 
  4.274e-06  9.082e-05 
 -6.214e-07  2.001e-07  9.255e-05 
 -9.566e-07  3.230e-06  1.537e-06  8.948e-05 
 -9.833e-07  5.664e-10 -9.490e-07  3.584e-06  8.960e-05 
 -1.620e-05 -7.364e-07 -1.005e-05 -1.177e-06 -1.171e-06  7.094e-04 
 -1.002e-05  4.385e-07 -3.142e-05  9.983e-06 -4.257e-06  3.894e-05  1.411e-03 
 -6.611e-07 -3.353e-05  7.933e-07 -6.911e-07 -1.243e-07  3.180e-05  7.134e-06  1.425e-03 
  5.277e-07 -9.962e-06  1.828e-06 -3.351e-06  1.250e-05  6.441e-06  3.517e-05  4.072e-05  1.378e-03 
 -5.435e-06 -8.182e-07  7.797e-07  2.403e-06  1.026e-06 -5.537e-04 -4.075e-05 -1.788e-05 -5.966e-06  7.032e-04 
  8.250e-07  1.421e-06 -1.382e-05  6.165e-07  1.342e-06 -4.065e-05 -1.095e-03 -7.707e-06 -1.826e-05  3.179e-05  1.399e-03 
 -8.667e-07 -8.189e-06  1.248e-06  1.077e-06  1.866e-06 -1.804e-05 -7.399e-06 -1.119e-03 -4.475e-05  3.214e-05  7.452e-06 
 -8.667e-07 -8.189e-06  1.248e-06  1.077e-06  1.866e-06 -1.804e-05 -7.399e-06 -1.119e-03 -4.475e-05  3.214e-05  7.452e-06  1.414e-03 
  1.448e-06  1.028e-06 -1.452e-06  2.659e-06 -2.972e-06 -6.309e-06 -1.733e-05 -4.621e-05 -1.084e-03  6.938e-06  3.741e-05 
  1.448e-06  1.028e-06 -1.452e-06  2.659e-06 -2.972e-06 -6.309e-06 -1.733e-05 -4.621e-05 -1.084e-03  6.938e-06  3.741e-05  3.689e-05  1.375e-03 
 PARAMETER  CORRELATION COEFFICIENTS  
       NO.  GLOBAL      1      2      3      4      5      6      7      8      9     10     11     12     13
        1  0.21097   1.000  0.066 -0.010 -0.015 -0.015 -0.090 -0.039 -0.003  0.002 -0.030  0.003 -0.003  0.006
        2  0.20315   0.066  1.000  0.002  0.036  0.000 -0.003  0.001 -0.093 -0.028 -0.003  0.004 -0.023  0.003
        3  0.20655  -0.010  0.002  1.000  0.017 -0.010 -0.039 -0.087  0.002  0.005  0.003 -0.038  0.003 -0.004
        4  0.07957  -0.015  0.036  0.017  1.000  0.040 -0.005  0.028 -0.002 -0.010  0.010  0.002  0.003  0.008
        5  0.07020  -0.015  0.000 -0.010  0.040  1.000 -0.005 -0.012 -0.000  0.036  0.004  0.004  0.005 -0.008
        6  0.79450  -0.090 -0.003 -0.039 -0.005 -0.005  1.000  0.039  0.032  0.007 -0.784 -0.041 -0.018 -0.006
        7  0.79133  -0.039  0.001 -0.087  0.028 -0.012  0.039  1.000  0.005  0.025 -0.041 -0.780 -0.005 -0.012
        8  0.79735  -0.003 -0.093  0.002 -0.002 -0.000  0.032  0.005  1.000  0.029 -0.018 -0.005 -0.788 -0.033
        9  0.78996   0.002 -0.028  0.005 -0.010  0.036  0.007  0.025  0.029  1.000 -0.006 -0.013 -0.032 -0.788
       10  0.79245  -0.030 -0.003  0.003  0.010  0.004 -0.784 -0.041 -0.018 -0.006  1.000  0.032  0.032  0.007
       11  0.78925   0.003  0.004 -0.038  0.002  0.004 -0.041 -0.780 -0.005 -0.013  0.032  1.000  0.005  0.027
       12  0.79547  -0.003 -0.023  0.003  0.003  0.005 -0.018 -0.005 -0.788 -0.032  0.032  0.005  1.000  0.026
       13  0.78948   0.006  0.003 -0.004  0.008 -0.008 -0.006 -0.012 -0.033 -0.788  0.007  0.027  0.026  1.000
 **********
 **    3 **MINOS       1e+06       1e-05
 **********
 FCN=22061.1 FROM MINOS     STATUS=SUCCESSFUL   1300 CALLS        1872 TOTAL
                     EDM=5.07863e-10    STRATEGY= 1      ERROR MATRIX ACCURATE 
  EXT PARAMETER                  PARABOLIC         MINOS ERRORS        
  NO.   NAME      VALUE            ERROR      NEGATIVE      POSITIVE   
   1  c0_c_b2     -3.53133e-02   6.77944e-03  -6.76980e-03   6.79118e-03
   2  c1_c_b2      2.75994e-02   9.53009e-03  -9.52770e-03   9.53147e-03
   3  s1_c_b2     -4.05631e-02   9.62019e-03  -9.62048e-03   9.62096e-03
   4  c2_c_b2     -1.88834e-02   9.45925e-03  -9.45911e-03   9.45955e-03
   5  c3_c_b2     -1.20016e-02   9.46593e-03  -9.46587e-03   9.46604e-03
   6  c0_dvcs_b2   6.25919e-02   2.66350e-02  -2.66215e-02   2.66697e-02
   7  s1_dvcs_b2   1.33650e-02   3.75639e-02  -3.76082e-02   3.75691e-02
   8  c1_dvcs_b2  -1.40039e-02   3.77512e-02  -3.77435e-02   3.77480e-02
   9  s2_dvcs_b2   2.39142e-02   3.71202e-02  -3.71116e-02   3.71047e-02
  10  c0_i_b2     -1.79848e-02   2.65185e-02  -2.65359e-02   2.65216e-02
  11  s1_i_b2     -2.28206e-01   3.73995e-02  -3.73924e-02   3.74550e-02
  12  c1_i_b2      1.75238e-02   3.75973e-02  -3.75922e-02   3.75918e-02
  13  s2_i_b2      2.28691e-02   3.70827e-02  -3.70686e-02   3.70728e-02
                               ERR DEF= 0.5
 EXTERNAL ERROR MATRIX.    NDIM=  25    NPAR= 13    ERR DEF=0.5
 ELEMENTS ABOVE DIAGONAL ARE NOT PRINTED.
  4.596e-05 
  4.274e-06  9.082e-05 
 -6.214e-07  2.001e-07  9.255e-05 
 -9.566e-07  3.230e-06  1.537e-06  8.948e-05 
 -9.833e-07  5.664e-10 -9.490e-07  3.584e-06  8.960e-05 
 -1.620e-05 -7.364e-07 -1.005e-05 -1.177e-06 -1.171e-06  7.094e-04 
 -1.002e-05  4.385e-07 -3.142e-05  9.983e-06 -4.257e-06  3.894e-05  1.411e-03 
 -6.611e-07 -3.353e-05  7.933e-07 -6.911e-07 -1.243e-07  3.180e-05  7.134e-06  1.425e-03 
  5.277e-07 -9.962e-06  1.828e-06 -3.351e-06  1.250e-05  6.441e-06  3.517e-05  4.072e-05  1.378e-03 
 -5.435e-06 -8.182e-07  7.797e-07  2.403e-06  1.026e-06 -5.537e-04 -4.075e-05 -1.788e-05 -5.966e-06  7.032e-04 
  8.250e-07  1.421e-06 -1.382e-05  6.165e-07  1.342e-06 -4.065e-05 -1.095e-03 -7.707e-06 -1.826e-05  3.179e-05  1.399e-03 
 -8.667e-07 -8.189e-06  1.248e-06  1.077e-06  1.866e-06 -1.804e-05 -7.399e-06 -1.119e-03 -4.475e-05  3.214e-05  7.452e-06 
 -8.667e-07 -8.189e-06  1.248e-06  1.077e-06  1.866e-06 -1.804e-05 -7.399e-06 -1.119e-03 -4.475e-05  3.214e-05  7.452e-06  1.414e-03 
  1.448e-06  1.028e-06 -1.452e-06  2.659e-06 -2.972e-06 -6.309e-06 -1.733e-05 -4.621e-05 -1.084e-03  6.938e-06  3.741e-05 
  1.448e-06  1.028e-06 -1.452e-06  2.659e-06 -2.972e-06 -6.309e-06 -1.733e-05 -4.621e-05 -1.084e-03  6.938e-06  3.741e-05  3.689e-05  1.375e-03 
 PARAMETER  CORRELATION COEFFICIENTS  
       NO.  GLOBAL      1      2      3      4      5      6      7      8      9     10     11     12     13
        1  0.21097   1.000  0.066 -0.010 -0.015 -0.015 -0.090 -0.039 -0.003  0.002 -0.030  0.003 -0.003  0.006
        2  0.20315   0.066  1.000  0.002  0.036  0.000 -0.003  0.001 -0.093 -0.028 -0.003  0.004 -0.023  0.003
        3  0.20655  -0.010  0.002  1.000  0.017 -0.010 -0.039 -0.087  0.002  0.005  0.003 -0.038  0.003 -0.004
        4  0.07957  -0.015  0.036  0.017  1.000  0.040 -0.005  0.028 -0.002 -0.010  0.010  0.002  0.003  0.008
        5  0.07020  -0.015  0.000 -0.010  0.040  1.000 -0.005 -0.012 -0.000  0.036  0.004  0.004  0.005 -0.008
        6  0.79450  -0.090 -0.003 -0.039 -0.005 -0.005  1.000  0.039  0.032  0.007 -0.784 -0.041 -0.018 -0.006
        7  0.79133  -0.039  0.001 -0.087  0.028 -0.012  0.039  1.000  0.005  0.025 -0.041 -0.780 -0.005 -0.012
        8  0.79735  -0.003 -0.093  0.002 -0.002 -0.000  0.032  0.005  1.000  0.029 -0.018 -0.005 -0.788 -0.033
        9  0.78996   0.002 -0.028  0.005 -0.010  0.036  0.007  0.025  0.029  1.000 -0.006 -0.013 -0.032 -0.788
       10  0.79245  -0.030 -0.003  0.003  0.010  0.004 -0.784 -0.041 -0.018 -0.006  1.000  0.032  0.032  0.007
       11  0.78925   0.003  0.004 -0.038  0.002  0.004 -0.041 -0.780 -0.005 -0.013  0.032  1.000  0.005  0.027
       12  0.79547  -0.003 -0.023  0.003  0.003  0.005 -0.018 -0.005 -0.788 -0.032  0.032  0.005  1.000  0.026
       13  0.78948   0.006  0.003 -0.004  0.008 -0.008 -0.006 -0.012 -0.033 -0.788  0.007  0.027  0.026  1.000
 **********
 **    1 **SET ERR         0.5
 **********
 PARAMETER DEFINITIONS:
    NO.   NAME         VALUE      STEP SIZE      LIMITS
     1 c0_c_b3      0.00000e+00  1.00000e-05     no limits
     2 c1_c_b3      0.00000e+00  1.00000e-05     no limits
     3 s1_c_b3      0.00000e+00  1.00000e-05     no limits
     4 c2_c_b3      0.00000e+00  1.00000e-05     no limits
     5 c3_c_b3      0.00000e+00  1.00000e-05     no limits
     6 c0_dvcs_b3   0.00000e+00  1.00000e-05     no limits
     7 s1_dvcs_b3   0.00000e+00  1.00000e-05     no limits
     8 c1_dvcs_b3   0.00000e+00  1.00000e-05     no limits
     9 s2_dvcs_b3   0.00000e+00  1.00000e-05     no limits
    10 c0_i_b3      0.00000e+00  1.00000e-05     no limits
    11 s1_i_b3      0.00000e+00  1.00000e-05     no limits
    12 c1_i_b3      0.00000e+00  1.00000e-05     no limits
    13 s2_i_b3      0.00000e+00  1.00000e-05     no limits
 **********
 **    2 **MIGRAD       1e+06       1e-05
 **********
 FIRST CALL TO USER FUNCTION AT NEW START POINT, WITH IFLAG=4.
 START MIGRAD MINIMIZATION.  STRATEGY  1.  CONVERGENCE WHEN EDM .LT. 1.00e-08
 FCN=16179.1 FROM MIGRAD    STATUS=INITIATE       52 CALLS          53 TOTAL
                     EDM= unknown      STRATEGY= 1      NO ERROR MATRIX       
  EXT PARAMETER               CURRENT GUESS       STEP         FIRST   
  NO.   NAME      VALUE            ERROR          SIZE      DERIVATIVE 
   1  c0_c_b3      0.00000e+00   1.00000e-05   1.00000e-05   2.22910e+02
   2  c1_c_b3      0.00000e+00   1.00000e-05   1.00000e-05  -3.77258e+02
   3  s1_c_b3      0.00000e+00   1.00000e-05   1.00000e-05   4.83966e+02
   4  c2_c_b3      0.00000e+00   1.00000e-05   1.00000e-05  -5.89039e+01
   5  c3_c_b3      0.00000e+00   1.00000e-05   1.00000e-05   7.42456e+01
   6  c0_dvcs_b3   0.00000e+00   1.00000e-05   1.00000e-05  -1.05105e+00
   7  s1_dvcs_b3   0.00000e+00   1.00000e-05   1.00000e-05   2.21624e+02
   8  c1_dvcs_b3   0.00000e+00   1.00000e-05   1.00000e-05  -6.00099e+01
   9  s2_dvcs_b3   0.00000e+00   1.00000e-05   1.00000e-05  -2.55295e+01
  10  c0_i_b3      0.00000e+00   1.00000e-05   1.00000e-05  -4.27656e+01
  11  s1_i_b3      0.00000e+00   1.00000e-05   1.00000e-05   3.10082e+02
  12  c1_i_b3      0.00000e+00   1.00000e-05   1.00000e-05  -1.05538e+02
  13  s2_i_b3      0.00000e+00   1.00000e-05   1.00000e-05  -3.28057e+01
                               ERR DEF= 0.5
 MIGRAD MINIMIZATION HAS CONVERGED.
 MIGRAD WILL VERIFY CONVERGENCE AND ERROR MATRIX.
 COVARIANCE MATRIX CALCULATED SUCCESSFULLY
 FCN=16118.4 FROM MIGRAD    STATUS=CONVERGED     570 CALLS         571 TOTAL
                     EDM=2.63314e-10    STRATEGY= 1      ERROR MATRIX ACCURATE 
  EXT PARAMETER                                   STEP         FIRST   
  NO.   NAME      VALUE            ERROR          SIZE      DERIVATIVE 
   1  c0_c_b3     -1.66357e-02   7.99069e-03   6.84024e-04   1.59954e-03
   2  c1_c_b3      4.43738e-02   1.13176e-02   9.68456e-04  -8.44032e-05
   3  s1_c_b3     -4.44231e-02   1.12731e-02   9.66260e-04   1.96698e-04
   4  c2_c_b3      4.67092e-03   1.10655e-02   9.66609e-04   4.98684e-06
   5  c3_c_b3     -8.55164e-03   1.10749e-02   9.68210e-04   2.25587e-04
   6  c0_dvcs_b3  -2.49926e-02   3.07625e-02   1.67577e-03   9.22919e-05
   7  s1_dvcs_b3   4.74106e-02   4.33227e-02   2.36930e-03   1.19383e-04
   8  c1_dvcs_b3  -5.34273e-02   4.35283e-02   2.37048e-03  -1.54237e-05
   9  s2_dvcs_b3   2.69597e-03   4.31774e-02   2.37663e-03  -1.10299e-04
  10  c0_i_b3      4.13477e-02   3.06795e-02   1.67577e-03   3.17323e-04
  11  s1_i_b3     -2.49630e-01   4.32444e-02   2.36930e-03   2.02298e-04
  12  c1_i_b3      9.53759e-02   4.34120e-02   2.37048e-03  -2.74040e-05
  13  s2_i_b3      3.16723e-02   4.31231e-02   2.37663e-03   8.68690e-06
                               ERR DEF= 0.5
 EXTERNAL ERROR MATRIX.    NDIM=  25    NPAR= 13    ERR DEF=0.5
 ELEMENTS ABOVE DIAGONAL ARE NOT PRINTED.
  6.385e-05 
 -4.847e-06  1.281e-04 
 -1.726e-06  1.344e-06  1.271e-04 
  3.484e-07 -5.516e-06  2.635e-06  1.224e-04 
 -1.148e-06  2.202e-07 -1.169e-06 -5.811e-06  1.227e-04 
 -1.913e-05  7.840e-06 -1.547e-05 -4.586e-06  6.907e-06  9.463e-04 
 -1.538e-05  2.436e-06 -3.358e-05  1.252e-05 -8.270e-07  2.389e-05  1.877e-03 
  7.856e-06 -4.210e-05  2.695e-06  1.339e-05 -3.805e-06 -1.312e-04  2.324e-05  1.895e-03 
  2.661e-06 -1.901e-05 -9.809e-07  8.977e-07  1.625e-05  2.587e-05 -1.177e-04  1.916e-06  1.864e-03 
 -1.315e-05 -2.498e-06  3.667e-06  3.630e-06 -7.108e-06 -7.285e-04 -2.845e-05  1.130e-04 -2.101e-05  9.412e-04 
  3.623e-06 -1.388e-07 -3.021e-05 -9.476e-07 -4.412e-06 -2.855e-05 -1.443e-03 -1.835e-05  1.087e-04  1.410e-05  1.870e-03 
 -2.301e-06 -2.368e-05 -2.396e-07 -1.016e-05  2.001e-06  1.129e-04 -1.896e-05 -1.460e-03 -7.439e-06 -1.251e-04  2.501e-05 
 -2.301e-06 -2.368e-05 -2.396e-07 -1.016e-05  2.001e-06  1.129e-04 -1.896e-05 -1.460e-03 -7.439e-06 -1.251e-04  2.501e-05  1.885e-03 
  5.385e-07  4.186e-06  4.001e-06 -3.040e-06 -2.126e-06 -2.045e-05  1.076e-04 -1.246e-05 -1.446e-03  2.658e-05 -1.177e-04 
  5.385e-07  4.186e-06  4.001e-06 -3.040e-06 -2.126e-06 -2.045e-05  1.076e-04 -1.246e-05 -1.446e-03  2.658e-05 -1.177e-04 -4.691e-06  1.860e-03 
 PARAMETER  CORRELATION COEFFICIENTS  
       NO.  GLOBAL      1      2      3      4      5      6      7      8      9     10     11     12     13
        1  0.21590   1.000 -0.054 -0.019  0.004 -0.013 -0.078 -0.044  0.023  0.008 -0.054  0.010 -0.007  0.002
        2  0.21755  -0.054  1.000  0.011 -0.044  0.002  0.023  0.005 -0.085 -0.039 -0.007 -0.000 -0.048  0.009
        3  0.21010  -0.019  0.011  1.000  0.021 -0.009 -0.045 -0.069  0.005 -0.002  0.011 -0.062 -0.000  0.008
        4  0.08495   0.004 -0.044  0.021  1.000 -0.047 -0.013  0.026  0.028  0.002  0.011 -0.002 -0.021 -0.006
